180
180
195
195
190
190
218
218
197
197
229
229
187
187
187
187
192
192
213
213
224
224
226
226
246
246
240
240
266
266
246
246
284
284
242
242
275
275
270
270
277
277
272
272
303
303
323
323
334
334
329
329
304
304
333
333
357
357
355
355
368
368
352
352
343
343
357
357
363
363
354
354
353
353
386
386
395
395
401
401
378
378
398
398
411
411
407
407
368
368
437
437
465
465
450
450
448
448
448
448
466
466
486
486
479
479
464
464
481
481
507
507
559
559
543
543
511
511
527
527
555
555
522
522
535
535
559
559
523
523
523
523
565
565
496
496
496
496
522
522
497
497
486
486
477
477
509
509
496
496
511
511
459
459
481
481
490
490
457
457
484
484
432
432
445
445
445
445
444
444
411
411
409
409
400
400
386
386
368
368
409
409
372
372
378
378
378
378
357
357
381
381
363
363
354
354
343
343
352
352
323
323
320
320
310
310
336
336
318
318
320
320
310
310
304
304
305
305
305
305
313
313
293
293
286
286
245
245
244
244
240
240
241
241
239
239
213
213
183
183
209
209
225
225
197
197
160
160
205
205
189
189
208
208
199
199
165
165
183
183
176
176
178
178
155
155
134
134
195
195
158
158
147
147
130
130
172
172
162
162
144
144
142
142
138
138
155
155
122
122
166
166
190
190
154
154
186
186
195
195
165
165
185
185
226
226
229
229
240
240
240
240
245
245
215
215
255
255
262
262
263
263
271
271
273
273
293
293
291
291
293
293
278
278
304
304
295
295
297
297
321
321
314
314
336
336
336
336
314
314
351
351
336
336
347
347
335
335
351
351
373
373
372
372
395
395
378
378
407
407
435
435
414
414
422
422
426
426
432
432
441
441
423
423
445
445
454
454
442
442
439
439
438
438
425
425
443
443
463
463
469
469
422
422
476
476
489
489
502
502
505
505
506
506
527
527
506
506
546
546
542
542
519
519
528
528
554
554
507
507
505
505
521
521
476
476
482
482
496
496
474
474
475
475
464
464
460
460
426
426
419
419
412
412
415
415
422
422
421
421
397
397
390
390
387
387
398
398
395
395
400
400
395
395
391
391
379
379
350
350
377
377
337
337
336
336
363
363
329
329
352
352
314
314
320
320
304
304
289
289
293
293
288
288
272
272
286
286
261
261
272
272
276
276
254
254
262
262
244
244
224
224
215
215
226
226
213
213
196
196
183
183
208
208
208
208
218
218
189
189
192
192
208
208
175
175
180
180
154
154
176
176
106
106
137
137
100
100
108
108
80
80
115
115
99
99
80
80
105
105
96
96
103
103
113
113
91
91
122
122
131
131
144
144
179
179
129
129
176
176
173
173
176
176
183
183
189
189
203
203
186
186
206
206
195
195
238
238
211
211
225
225
223
223
213
213
209
209
209
209
240
240
261
261
257
257
255
255
265
265
273
273
313
313
304
304
300
300
292
292
304
304
320
320
327
327
306
306
327
327
347
347
349
349
336
336
355
355
336
336
354
354
355
355
334
334
368
368
402
402
382
382
386
386
416
416
398
398
414
414
409
409
429
429
426
426
432
432
447
447
464
464
448
448
433
433
467
467
473
473
494
494
481
481
494
494
527
527
527
527
503
503
519
519
489
489
480
480
497
497
493
493
459
459
474
474
468
468
463
463
454
454
448
448
443
443
448
448
431
431
420
420
433
433
423
423
438
438
420
420
415
415
433
433
417
417
389
389
397
397
368
368
382
382
383
383
363
363
358
358
329
329
331
331
331
331
318
318
293
293
291
291
304
304
310
310
287
287
283
283
272
272
285
285
292
292
266
266
276
276
260
260
195
195
242
242
256
256
226
226
241
241
231
231
208
208
201
201
220
220
223
223
187
187
187
187
192
192
174
174
186
186
176
176
166
166
159
159
176
176
134
134
151
151
130
130
144
144
120
120
123
123
93
93
112
112
113
113
115
115
136
136
117
117
98
98
112
112
133
133
124
124
150
150
139
139
149
149
141
141
166
166
131
131
199
199
167
167
190
190
170
170
176
176
185
185
202
202
187
187
213
213
234
234
231
231
255
255
223
223
262
262
253
253
256
256
221
221
262
262
285
285
289
289
229
229
320
320
321
321
298
298
311
311
282
282
311
311
317
317
298
298
307
307
339
339
336
336
336
336
353
353
334
334
343
343
370
370
389
389
384
384
406
406
374
374
410
410
407
407
393
393
397
397
435
435
439
439
439
439
453
453
453
453
466
466
469
469
470
470
450
450
469
469
479
479
489
489
499
499
213
213
179
179
176
176
178
178
182
182
190
190
188
188
174
174
198
198
182
182
174
174
142
142
155
155
132
132
115
115
375
375
387
387
371
371
384
384
384
384
402
402
415
415
405
405
429
429
431
431
406
406
439
439
432
432
433
433
450
450
439
439
471
471
459
459
488
488
493
493
496
496
526
526
498
498
507
507
525
525
522
522
560
560
549
549
542
542
544
544
528
528
509
509
502
502
496
496
491
491
490
490
473
473
473
473
453
453
477
477
481
481
449
449
458
458
451
451
417
417
438
438
418
418
425
425
432
432
411
411
385
385
407
407
405
405
406
406
360
360
377
377
375
375
361
361
354
354
336
336
336
336
323
323
329
329
331
331
330
330
321
321
304
304
320
320
315
315
323
323
319
319
311
311
295
295
267
267
277
277
268
268
285
285
261
261
240
240
247
247
252
252
226
226
231
231
211
211
192
192
207
207
213
213
205
205
187
187
179
179
159
159
195
195
181
181
154
154
150
150
166
166
150
150
144
144
139
139
112
112
128
128
170
170
157
157
162
162
166
166
142
142
162
162
180
180
186
186
166
166
181
181
179
179
179
179
208
208
176
176
208
208
243
243
225
225
210
210
221
221
223
223
226
226
251
251
259
259
264
264
277
277
275
275
291
291
291
291
288
288
298
298
289
289
313
313
303
303
333
333
311
311
336
336
346
346
320
320
320
320
337
337
317
317
334
334
370
370
383
383
376
376
382
382
381
381
400
400
414
414
398
398
447
447
413
413
434
434
445
445
448
448
439
439
445
445
464
464
496
496
471
471
468
468
489
489
474
474
466
466
493
493
509
509
518
518
521
521
527
527
529
529
510
510
561
561
535
535
556
556
507
507
542
542
523
523
528
528
501
501
528
528
526
526
530
530
501
501
505
505
497
497
485
485
485
485
468
468
464
464
454
454
445
445
451
451
435
435
438
438
423
423
409
409
411
411
399
399
392
392
405
405
363
363
391
391
396
396
353
353
355
355
378
378
362
362
336
336
346
346
349
349
336
336
330
330
330
330
324
324
332
332
320
320
304
304
310
310
298
298
261
261
283
283
241
241
261
261
241
241
263
263
240
240
226
226
217
217
230
230
231
231
222
222
229
229
229
229
208
208
182
182
201
201
192
192
181
181
181
181
197
197
167
167
168
168
171
171
156
156
130
130
147
147
113
113
144
144
140
140
144
144
144
144
151
151
160
160
154
154
174
174
156
156
170
170
176
176
190
190
208
208
201
201
224
224
228
228
227
227
235
235
243
243
261
261
250
250
272
272
263
263
272
272
249
249
265
265
273
273
291
291
293
293
299
299
303
303
309
309
302
302
286
286
329
329
327
327
321
321
336
336
364
364
371
371
357
357
362
362
377
377
383
383
384
384
385
385
388
388
384
384
409
409
417
417
411
411
431
431
401
401
406
406
409
409
421
421
416
416
438
438
448
448
437
437
455
455
448
448
448
448
495
495
502
502
473
473
509
509
524
524
510
510
529
529
531
531
545
545
537
537
544
544
528
528
540
540
508
508
509
509
487
487
480
480
474
474
459
459
454
454
478
478
454
454
462
462
463
463
434
434
447
447
432
432
411
411
423
423
407
407
428
428
403
403
419
419
422
422
394
394
373
373
387
387
386
386
379
379
387
387
352
352
342
342
331
331
338
338
321
321
313
313
314
314
272
272
272
272
305
305
281
281
288
288
245
245
282
282
270
270
272
272
267
267
273
273
256
256
242
242
240
240
235
235
230
230
198
198
208
208
208
208
213
213
206
206
175
175
190
190
194
194
167
167
133
133
149
149
112
112
133
133
143
143
122
122
103
103
107
107
123
123
117
117
113
113
106
106
128
128
142
142
114
114
144
144
151
151
144
144
173
173
157
157
148
148
167
167
174
174
174
174
182
182
190
190
170
170
203
203
182
182
208
208
208
208
214
214
221
221
245
245
222
222
238
238
243
243
261
261
245
245
267
267
297
297
283
283
317
317
305
305
320
320
321
321
304
304
315
315
350
350
316
316
350
350
310
310
328
328
346
346
354
354
346
346
358
358
349
349
368
368
365
365
368
368
383
383
406
406
384
384
402
402
395
395
431
431
423
423
452
452
423
423
454
454
445
445
464
464
459
459
474
474
462
462
489
489
475
475
498
498
478
478
500
500
491
491
487
487
509
509
499
499
498
498
495
495
465
465
481
481
479
479
479
479
477
477
473
473
478
478
454
454
450
450
450
450
464
464
432
432
426
426
441
441
422
422
272
272
274
274
258
258
298
298
292
292
329
329
311
311
304
304
294
294
304
304
333
333
336
336
335
335
358
358
358
358
367
367
355
355
387
387
398
398
402
402
381
381
396
396
403
403
412
412
412
412
423
423
408
408
414
414
454
454
449
449
443
443
465
465
442
442
455
455
469
469
469
469
453
453
471
471
517
517
496
496
528
528
523
523
497
497
528
528
534
534
527
527
570
570
560
560
546
546
550
550
551
551
509
509
522
522
497
497
484
484
489
489
496
496
475
475
485
485
482
482
459
459
454
454
451
451
434
434
435
435
437
437
461
461
439
439
435
435
419
419
420
420
414
414
399
399
397
397
397
397
378
378
400
400
378
378
352
352
364
364
337
337
321
321
309
309
329
329
320
320
310
310
300
300
291
291
278
278
272
272
306
306
304
304
300
300
284
284
290
290
275
275
253
253
257
257
235
235
240
240
254
254
250
250
235
235
228
228
230
230
209
209
183
183
185
185
189
189
176
176
192
192
169
169
161
161
150
150
169
169
151
151
154
154
130
130
131
131
121
121
149
149
144
144
144
144
161
161
176
176
167
167
178
178
166
166
182
182
203
203
190
190
211
211
208
208
197
197
213
213
208
208
209
209
240
240
227
227
224
224
218
218
241
241
254
254
239
239
268
268
275
275
297
297
272
272
307
307
288
288
299
299
321
321
329
329
313
313
320
320
331
331
334
334
331
331
341
341
356
356
374
374
365
365
352
352
373
373
361
361
381
381
383
383
382
382
388
388
407
407
401
401
403
403
427
427
434
434
448
448
454
454
446
446
457
457
455
455
466
466
474
474
502
502
464
464
480
480
505
505
522
522
493
493
520
520
487
487
507
507
535
535
526
526
525
525
518
518
529
529
523
523
529
529
523
523
496
496
518
518
495
495
498
498
472
472
482
482
469
469
482
482
469
469
448
448
455
455
432
432
433
433
437
437
427
427
437
437
400
400
389
389
362
362
399
399
394
394
368
368
372
372
361
361
369
369
345
345
354
354
339
339
338
338
363
363
334
334
348
348
354
354
307
307
329
329
311
311
320
320
289
289
295
295
308
308
263
263
286
286
270
270
275
275
243
243
238
238
227
227
230
230
190
190
208
208
208
208
178
178
173
173
193
193
181
181
176
176
192
192
181
181
187
187
147
147
169
169
149
149
174
174
147
147
126
126
118
118
134
134
119
119
118
118
112
112
117
117
126
126
109
109
138
138
115
115
150
150
162
162
154
154
164
164
174
174
173
173
181
181
176
176
213
213
208
208
198
198
219
219
235
235
235
235
240
240
256
256
240
240
262
262
269
269
269
269
267
267
291
291
272
272
272
272
272
272
291
291
267
267
309
309
316
316
290
290
311
311
300
300
315
315
330
330
321
321
336
336
367
367
368
368
368
368
369
369
378
378
368
368
390
390
393
393
398
398
407
407
400
400
432
432
407
407
448
448
433
433
400
400
445
445
425
425
430
430
426
426
432
432
460
460
450
450
443
443
469
469
487
487
494
494
509
509
527
527
525
525
539
539
507
507
496
496
521
521
493
493
494
494
501
501
483
483
473
473
464
464
447
447
462
462
451
451
438
438
454
454
425
425
428
428
429
429
411
411
414
414
411
411
390
390
385
385
384
384
401
401
387
387
371
371
368
368
362
362
370
370
341
341
340
340
349
349
320
320
336
336
330
330
295
295
299
299
292
292
295
295
281
281
282
282
266
266
257
257
271
271
272
272
241
241
231
231
233
233
243
243
240
240
225
225
221
221
218
218
218
218
180
180
184
184
208
208
199
199
177
177
185
185
182
182
175
175
176
176
176
176
159
159
137
137
121
121
101
101
114
114
107
107
127
127
113
113
96
96
83
83
95
95
112
112
113
113
147
147
141
141
144
144
122
122
174
174
144
144
138
138
171
171
177
177
176
176
187
187
197
197
182
182
189
189
174
174
183
183
203
203
215
215
243
243
237
237
240
240
226
226
258
258
243
243
254
254
254
254
277
277
284
284
281
281
279
279
304
304
329
329
297
297
304
304
321
321
348
348
324
324
347
347
384
384
371
371
353
353
358
358
367
367
345
345
373
373
370
370
384
384
375
375
387
387
397
397
401
401
388
388
402
402
400
400
432
432
439
439
424
424
452
452
447
447
444
444
458
458
462
462
466
466
481
481
501
501
498
498
496
496
500
500
496
496
483
483
490
490
494
494
474
474
481
481
464
464
466
466
465
465
453
453
447
447
461
461
454
454
442
442
448
448
394
394
407
407
420
420
403
403
422
422
421
421
378
378
415
415
421
421
449
449
443
443
448
448
450
450
446
446
466
466
468
468
491
491
492
492
491
491
491
491
496
496
510
510
508
508
550
550
553
553
567
567
555
555
534
534
539
539
528
528
558
558
528
528
493
493
490
490
479
479
481
481
465
465
464
464
462
462
448
448
419
419
443
443
419
419
432
432
421
421
430
430
417
417
407
407
416
416
406
406
395
395
400
400
380
380
383
383
384
384
382
382
386
386
364
364
357
357
337
337
336
336
325
325
314
314
293
293
294
294
295
295
279
279
304
304
274
274
265
265
258
258
282
282
253
253
287
287
247
247
269
269
244
244
258
258
223
223
234
234
240
240
234
234
212
212
194
194
221
221
216
216
164
164
185
185
185
185
155
155
176
176
191
191
169
169
160
160
161
161
138
138
143
143
117
117
118
118
131
131
130
130
170
170
154
154
166
166
152
152
176
176
176
176
209
209
208
208
194
194
206
206
221
221
208
208
192
192
207
207
208
208
214
214
238
238
224
224
240
240
262
262
255
255
240
240
259
259
261
261
302
302
269
269
261
261
321
321
317
317
321
321
338
338
304
304
347
347
329
329
321
321
339
339
352
352
376
376
365
365
368
368
383
383
369
369
384
384
374
374
368
368
375
375
398
398
405
405
397
397
441
441
441
441
434
434
421
421
446
446
448
448
444
444
449
449
464
464
472
472
464
464
508
508
486
486
517
517
493
493
541
541
530
530
521
521
518
518
528
528
528
528
528
528
555
555
534
534
567
567
538
538
518
518
511
511
496
496
495
495
503
503
464
464
475
475
491
491
483
483
471
471
464
464
463
463
463
463
437
437
442
442
432
432
458
458
430
430
387
387
422
422
405
405
400
400
400
400
390
390
377
377
400
400
342
342
355
355
351
351
337
337
335
335
342
342
336
336
333
333
340
340
304
304
317
317
304
304
311
311
295
295
295
295
266
266
310
310
303
303
273
273
270
270
281
281
275
275
256
256
205
205
218
218
203
203
226
226
192
192
215
215
197
197
197
197
202
202
208
208
174
174
194
194
199
199
175
175
176
176
174
174
158
158
166
166
165
165
148
148
147
147
137
137
155
155
121
121
129
129
141
141
144
144
160
160
181
181
179
179
194
194
191
191
194
194
198
198
178
178
211
211
215
215
208
208
218
218
228
228
256
256
249
249
269
269
266
266
271
271
292
292
277
277
275
275
324
324
311
311
286
286
294
294
304
304
319
319
336
336
320
320
327
327
323
323
343
343
350
350
339
339
367
367
349
349
374
374
384
384
375
375
386
386
400
400
399
399
410
410
407
407
413
413
431
431
419
419
462
462
432
432
464
464
457
457
464
464
469
469
444
444
432
432
461
461
457
457
489
489
495
495
508
508
483
483
487
487
530
530
531
531
558
558
570
570
546
546
554
554
522
522
538
538
510
510
528
528
526
526
528
528
511
511
495
495
471
471
459
459
449
449
464
464
461
461
430
430
430
430
463
463
429
429
423
423
416
416
400
400
393
393
381
381
411
411
375
375
398
398
369
369
391
391
363
363
359
359
371
371
369
369
364
364
347
347
337
337
336
336
322
322
328
328
304
304
272
272
298
298
289
289
274
274
290
290
256
256
278
278
240
240
257
257
244
244
250
250
229
229
243
243
247
247
212
212
227
227
214
214
193
193
197
197
203
203
197
197
190
190
175
175
198
198
179
179
176
176
143
143
155
155
141
141
110
110
93
93
112
112
87
87
109
109
91
91
121
121
98
98
128
128
154
154
149
149
157
157
159
159
163
163
166
166
175
175
177
177
182
182
201
201
179
179
220
220
202
202
207
207
219
219
207
207
219
219
233
233
226
226
250
250
249
249
284
284
267
267
268
268
251
251
251
251
266
266
309
309
286
286
288
288
320
320
307
307
321
321
323
323
341
341
336
336
366
366
336
336
361
361
370
370
339
339
345
345
363
363
353
353
386
386
389
389
375
375
368
368
411
411
410
410
409
409
406
406
429
429
417
417
447
447
448
448
447
447
477
477
464
464
490
490
449
449
464
464
459
459
502
502
497
497
518
518
532
532
516
516
539
539
539
539
507
507
511
511
479
479
466
466
486
486
479
479
471
471
460
460
464
464
447
447
464
464
445
445
441
441
449
449
451
451
430
430
448
448
414
414
412
412
417
417
410
410
379
379
397
397
382
382
389
389
370
370
336
336
359
359
338
338
346
346
357
357
327
327
317
317
311
311
