390;77
404;67
177;145
201;139
398;107
382;87
177;54
210;50
403;67
372;53
176;29
202;30
404;48
318;39
165;16
184;30
365;78
405;80
143;45
159;54
384;77
402;64
208;35
187;44
381;51
420;48
203;16
173;18
381;34
415;37
221;16
181;33
367;54
407;55
214;32
281;48
363;78
400;74
191;49
183;55
387;80
500;69
192;37
163;39
374;59
409;49
143;25
148;21
384;45
398;42
208;17
176;28
384;61
400;61
199;38
171;51
394;80
402;68
207;49
177;59
469;75
410;60
246;38
175;3
387;50
428;48
192;17
163;23
397;43
417;36
204;17
156;31
399;61
324;52
198;35
174;51
365;80
421;72
197;52
173;58
385;65
421;66
197;42
158;42
382;60
400;50
198;26
155;27
391;47
408;41
208;32
179;31
415;64
413;59
209;42
171;49
374;77
407;74
171;48
193;55
381;74
410;64
219;35
131;42
381;58
384;49
187;18
165;18
389;43
403;43
204;18
190;36
400;64
417;57
208;39
177;54
239;80
427;71
218;51
171;53
384;73
416;68
211;41
167;36
369;62
407;48
208;19
139;18
379;48
434;43
208;18
169;30
381;62
469;62
222;43
148;55
378;79
386;74
213;48
212;58
405;72
386;64
207;35
171;42
638;58
418;49
194;14
163;23
363;34
391;41
204;3
162;28
374;58
369;48
209;34
161;48
370;78
416;75
192;52
165;55
547;78
399;67
199;38
170;42
371;64
464;47
212;16
133;18
370;44
415;45
193;16
182;27
385;53
431;54
205;35
353;48
382;67
401;70
222;50
206;57
387;78
389;81
182;49
176;65
414;76
398;64
187;38
203;47
429;87
405;50
166;22
354;26
355;48
384;34
150;17
201;32
423;58
400;48
191;33
176;49
427;78
384;69
202;44
206;63
404;86
394;66
178;41
209;57
400;67
411;49
190;21
167;29
408;48
398;39
188;17
194;33
391;58
386;52
182;38
345;54
390;77
389;75
188;50
199;63
423;90
382;74
190;48
198;52
546;64
590;48
167;17
187;32
400;48
389;48
187;18
193;35
417;57
382;60
179;48
203;44
388;73
403;80
188;54
201;64
413;80
382;64
181;37
192;47
414;65
391;48
179;21
201;26
400;51
391;37
192;16
183;32
391;52
394;49
160;32
523;49
476;77
381;64
187;48
190;62
405;81
384;59
197;39
190;48
385;65
337;48
150;16
250;29
406;43
293;35
179;15
178;42
401;61
400;52
178;29
176;48
410;79
399;79
213;48
191;62
400;81
400;66
185;40
205;48
386;62
405;48
215;19
400;25
404;48
389;49
179;15
190;32
400;62
400;80
192;36
170;48
395;76
417;64
219;50
203;64
401;80
390;65
179;44
218;48
400;61
401;47
187;16
194;22
431;48
399;33
176;0
192;35
400;63
387;50
194;35
195;49
400;73
369;70
182;48
189;61
400;80
382;64
197;38
183;43
400;77
407;53
180;15
173;29
325;48
442;42
179;21
186;35
388;60
400;63
206;37
187;54
396;65
405;67
183;47
194;48
389;60
400;66
171;41
199;48
401;60
386;46
187;19
190;26
397;45
401;36
185;17
201;30
427;55
400;48
192;35
183;50
420;77
397;73
213;48
270;55
407;77
411;62
203;37
190;43
389;61
398;48
188;18
192;30
240;48
261;31
193;14
192;34
331;53
402;51
183;48
194;49
400;75
346;71
197;48
187;64
430;80
362;65
189;39
189;49
391;64
403;48
208;16
195;26
398;50
405;39
193;15
181;32
395;54
384;51
176;34
196;50
381;78
397;68
231;48
207;58
400;77
412;64
206;37
204;46
371;61
350;47
192;16
196;26
403;42
414;40
198;18
198;37
404;55
384;51
197;28
191;47
380;71
384;70
191;49
199;61
433;80
403;65
130;40
192;44
387;58
384;46
179;16
192;30
400;43
387;40
193;16
207;32
412;59
400;48
190;32
188;55
384;80
399;70
202;51
194;58
407;80
400;65
187;35
191;48
400;61
412;44
193;17
176;23
391;48
400;43
191;16
187;31
388;58
403;49
196;36
189;48
406;80
400;73
187;51
171;77
286;78
406;66
188;39
170;44
394;57
400;48
219;17
191;32
400;48
410;36
183;16
165;33
403;55
397;50
178;35
191;49
383;80
384;77
191;45
201;61
371;78
391;64
168;37
202;42
395;55
391;39
147;17
203;34
401;50
394;45
175;22
185;36
400;58
385;55
176;35
179;55
382;79
428;70
180;51
197;59
398;64
401;62
206;37
180;39
397;64
394;48
185;16
182;24
394;48
413;35
176;14
186;18
386;46
383;48
182;32
187;48
400;75
400;71
194;48
198;64
387;70
410;63
185;35
191;17
394;62
400;49
198;15
176;21
553;36
398;42
194;16
179;31
385;60
547;50
195;26
189;48
387;77
400;75
197;53
192;60
390;76
400;64
205;34
191;48
379;63
412;57
195;21
177;25
400;36
389;35
288;16
206;30
391;64
390;58
178;37
192;52
432;80
390;73
171;47
184;57
385;79
403;67
192;47
246;48
352;60
400;48
223;18
176;26
391;46
398;39
181;16
204;30
378;62
387;53
167;32
202;48
401;80
405;74
193;48
113;64
406;78
416;64
187;37
175;41
384;63
385;48
174;17
177;19
415;45
422;38
122;21
191;35
400;55
398;51
163;35
155;48
378;70
401;70
341;48
163;50
395;80
393;64
181;37
151;46
384;64
400;48
199;19
167;27
401;48
395;37
203;27
269;30
400;54
401;52
189;34
192;53
394;78
435;64
205;48
158;62
394;79
396;64
189;42
185;58
412;64
390;48
178;16
190;21
448;45
405;42
185;27
171;32
393;54
384;62
223;41
182;56
262;80
389;80
201;46
197;54
416;77
378;66
203;38
177;46
390;63
403;48
198;19
192;26
386;51
391;42
281;18
200;29
400;54
402;54
196;30
187;48
375;72
423;75
199;49
147;62
388;80
384;67
210;37
215;52
400;48
401;47
188;13
170;22
379;47
393;42
203;16
155;35
377;53
400;49
186;35
176;53
382;78
390;64
183;50
176;61
399;87
384;76
190;43
192;45
398;62
446;51
178;16
105;23
384;36
406;48
195;16
189;28
390;64
400;51
197;37
181;47
377;65
397;63
239;54
91;63
398;80
414;81
196;55
224;47
385;63
417;19
193;6
176;21
369;43
396;37
210;16
189;36
384;58
410;54
171;38
186;50
401;70
421;73
189;51
208;64
385;64
390;61
206;34
159;37
387;57
411;48
176;26
197;26
429;48
411;42
195;16
124;28
387;54
400;53
192;48
119;52
372;83
415;76
205;49
191;54
368;80
417;67
191;40
190;47
389;55
432;48
184;16
186;22
371;39
405;38
115;19
155;34
385;49
403;45
206;31
192;48
425;80
402;73
199;51
176;57
403;73
398;62
192;38
271;42
405;64
401;48
192;19
165;26
400;45
395;38
207;10
187;31
385;52
391;54
92;41
175;48
375;79
407;73
186;52
195;61
393;80
393;73
194;35
187;43
384;59
399;48
199;0
164;15
384;47
398;37
201;16
192;32
371;64
509;61
198;37
202;52
417;75
400;73
167;48
180;62
379;86
401;66
218;45
188;42
400;64
333;51
193;17
203;27
399;48
407;41
224;16
186;31
397;58
422;59
191;33
176;54
385;78
402;71
178;50
188;61
244;87
400;67
208;48
190;36
371;48
406;48
192;18
180;24
389;48
398;45
207;15
174;27
382;51
403;54
208;37
192;47
373;78
403;75
208;48
208;56
383;79
405;65
432;38
183;46
402;61
418;48
186;16
188;27
348;58
404;44
48;16
192;32
377;62
338;55
161;43
188;50
373;75
406;73
202;48
176;64
377;77
401;67
213;37
165;43
393;61
320;48
194;16
173;34
389;51
399;44
174;16
175;33
378;63
410;54
239;34
169;48
375;78
405;78
209;48
185;55
370;80
400;59
208;48
176;48
189;64
421;45
205;20
192;23
273;42
400;39
194;16
177;41
381;59
283;57
234;27
174;49
379;80
415;74
164;48
150;58
467;80
423;65
201;37
523;42
394;55
406;47
171;19
180;25
388;48
414;41
192;17
195;33
385;58
400;67
204;48
64;57
377;80
430;75
197;54
178;57
386;79
401;68
189;34
173;39
406;60
400;48
201;25
176;29
383;50
402;45
197;16
176;43
383;54
398;52
186;38
178;58
383;80
417;87
212;39
166;62
391;81
432;80
194;45
111;43
393;58
413;48
208;19
174;27
433;64
406;38
202;14
171;32
385;61
411;55
197;38
190;51
368;80
414;80
209;51
176;61
379;78
394;65
197;37
359;45
388;78
390;38
192;17
187;20
385;42
419;37
179;16
176;30
395;48
427;58
208;30
197;52
379;79
397;74
187;51
179;51
384;71
414;62
192;38
179;43
372;52
417;47
189;16
175;18
351;44
411;39
199;16
176;34
384;61
395;51
205;35
162;64
373;80
400;76
221;49
186;53
385;78
397;64
219;23
166;44
389;61
419;62
200;29
192;31
162;47
417;34
194;16
240;30
385;53
393;57
185;43
181;54
382;80
412;73
197;48
176;64
365;60
571;55
199;29
177;42
303;54
423;47
208;22
161;23
399;47
445;39
216;16
181;32
399;51
416;56
194;33
189;52
365;78
405;80
143;45
159;54
384;77
402;64
208;35
187;44
381;51
420;48
203;16
173;18
381;34
415;37
221;16
181;33
367;54
407;55
214;32
281;48
363;78
400;74
191;49
183;55
387;80
500;69
192;37
163;39
374;59
409;49
143;25
148;21
384;45
398;42
208;17
176;28
384;61
400;61
199;38
171;51
394;80
402;68
207;49
177;59
469;75
410;60
246;38
175;3
387;50
428;48
192;17
163;23
397;43
417;36
204;17
156;31
399;61
324;52
198;35
174;51
365;80
421;72
197;52
173;58
385;65
421;66
197;42
158;42
382;60
400;50
198;26
155;27
391;47
408;41
208;32
179;31
415;64
413;59
209;42
171;49
374;77
407;74
171;48
193;55
381;74
410;64
219;35
131;42
381;58
384;49
187;18
165;18
389;43
403;43
204;18
190;36
400;64
417;57
208;39
177;54
239;80
427;71
218;51
171;53
384;73
416;68
211;41
167;36
369;62
407;48
208;19
139;18
379;48
434;43
208;18
169;30
381;62
469;62
222;43
148;55
378;79
386;74
213;48
212;58
405;72
386;64
207;35
171;42
638;58
418;49
194;14
163;23
363;34
391;41
204;3
162;28
374;58
369;48
209;34
161;48
370;78
416;75
192;52
165;55
547;78
399;67
199;38
170;42
371;64
464;47
212;16
133;18
370;44
415;45
193;16
182;27
385;53
431;54
205;35
353;48
382;67
401;70
222;50
206;57
387;78
431;66
208;18
176;37
378;55
418;47
206;19
191;17
384;47
425;46
186;16
176;34
375;50
409;59
198;42
0;48
383;86
407;77
389;48
178;53
381;65
401;67
221;42
148;42
385;58
421;48
219;15
171;25
382;43
417;39
351;19
180;33
387;57
433;60
205;39
163;50
374;75
409;79
206;52
194;64
374;66
443;71
207;34
169;45
368;61
290;51
181;17
152;26
368;44
415;53
210;19
162;22
367;57
404;62
194;30
157;9
391;75
427;73
236;49
154;55
480;74
421;64
209;34
177;36
375;51
417;48
221;16
176;27
386;48
426;43
222;18
178;33
382;54
397;52
221;38
175;53
393;80
576;73
234;51
193;52
388;77
425;71
0;41
167;39
373;59
410;53
208;13
168;15
393;46
419;43
173;17
169;31
353;55
407;59
214;42
151;54
400;76
404;77
221;49
151;52
381;61
409;66
211;39
178;35
373;57
422;48
240;17
145;16
379;48
419;48
208;9
242;38
382;61
421;57
209;39
200;48
382;75
425;71
448;50
161;58
370;77
427;65
196;31
157;39
373;47
421;39
208;16
175;19
171;46
393;43
215;11
133;28
372;69
400;54
192;32
172;49
352;80
405;81
236;49
173;54
370;77
406;64
203;37
162;48
381;61
416;48
194;16
167;19
394;47
390;42
188;18
149;32
375;48
413;51
195;44
166;48
397;78
431;78
213;48
158;63
371;73
409;45
0;35
163;41
386;64
420;48
201;21
155;22
381;61
407;42
189;21
176;30
381;55
432;55
195;29
144;48
375;80
403;73
211;48
45;53
383;74
442;59
179;34
176;36
370;58
400;45
199;17
167;19
368;43
425;45
208;17
145;27
345;55
431;55
199;37
108;48
365;77
432;75
213;51
161;42
357;74
457;64
206;41
165;42
371;56
406;45
208;21
171;19
381;48
329;43
208;21
151;30
355;57
426;58
213;35
149;48
392;80
429;75
219;48
170;50
374;71
421;59
208;32
161;37
378;51
386;48
206;16
147;15
352;52
397;42
208;19
165;27
381;54
437;57
217;38
210;54
380;76
433;74
210;49
167;54
346;78
425;64
211;34
147;34
384;41
416;35
214;21
157;19
381;48
405;39
227;17
144;31
387;59
406;56
208;7
145;45
381;69
432;71
213;48
156;51
381;78
423;64
208;47
169;37
355;57
415;46
208;16
163;19
384;43
428;41
205;21
172;28
256;61
448;59
221;37
156;45
359;72
432;77
208;48
0;59
370;74
422;67
96;39
178;41
365;52
414;49
213;16
186;21
381;47
400;45
217;14
163;32
362;59
412;64
207;45
240;49
367;79
413;70
270;48
151;51
362;77
423;64
203;37
174;35
376;58
407;46
368;16
154;20
379;40
289;38
206;18
160;28
379;55
301;63
204;38
221;48
386;78
434;71
246;49
163;51
356;71
432;65
159;41
167;38
384;59
407;48
316;19
158;19
383;34
421;52
208;27
151;17
400;64
432;62
204;43
160;48
367;80
419;77
227;36
139;54
361;70
431;65
228;42
160;43
371;59
419;47
203;16
161;19
394;43
433;43
211;4
144;16
368;58
432;57
76;38
184;33
355;64
421;71
208;48
155;48
384;71
503;70
215;37
165;37
349;52
431;48
213;14
144;19
368;45
418;48
229;20
176;31
362;58
403;64
208;42
165;48
372;77
430;73
220;39
295;51
375;65
400;65
204;40
161;36
382;57
414;47
219;16
158;18
379;46
421;39
214;16
156;33
367;59
439;60
212;48
151;48
362;77
426;75
209;49
176;51
368;73
418;64
208;48
164;38
371;53
436;44
128;11
138;18
385;45
444;42
213;19
174;29
352;60
407;62
145;42
155;50
357;75
431;75
208;48
144;61
375;74
422;64
219;39
175;42
226;55
416;48
197;22
158;22
365;46
435;44
201;22
149;36
370;59
399;61
208;41
145;56
225;79
382;77
229;52
174;53
368;71
432;63
224;37
159;43
368;52
410;46
213;16
152;24
368;44
443;44
222;19
170;33
379;52
431;58
209;38
150;50
370;80
437;76
187;49
157;49
368;73
432;64
230;27
159;33
384;51
540;47
209;16
158;19
370;42
458;43
224;21
159;30
394;65
431;58
211;42
130;64
368;81
428;80
227;50
162;51
386;66
417;64
208;33
154;36
374;52
403;48
233;16
151;18
364;45
435;38
208;6
165;32
400;58
432;48
223;43
150;48
375;80
422;64
219;48
151;59
373;80
552;67
216;13
124;31
373;48
432;45
230;16
173;17
361;44
407;45
212;21
161;32
445;45
429;48
213;35
144;55
369;80
418;80
226;50
153;54
362;75
432;65
195;36
160;37
341;54
431;51
213;20
146;26
368;45
417;48
230;22
149;34
368;64
411;63
201;38
165;46
365;80
448;79
219;48
163;54
367;75
445;53
199;39
161;34
366;50
416;50
214;18
157;14
368;35
432;45
224;20
147;31
357;66
416;64
202;47
149;53
368;80
431;85
131;48
210;53
366;69
605;65
219;39
144;55
369;50
406;48
226;16
166;22
351;49
432;42
213;23
152;29
356;60
410;62
225;43
155;51
384;80
336;77
207;49
155;52
368;73
432;69
208;34
183;35
373;54
418;48
208;16
171;14
355;45
429;46
329;19
144;31
406;56
450;63
240;21
63;48
400;69
431;75
133;53
151;51
369;73
409;61
202;31
180;38
361;54
401;48
208;16
168;16
378;45
347;46
186;22
159;33
369;64
434;63
185;43
8;48
358;80
432;77
183;48
144;49
311;80
427;50
207;41
206;36
347;60
411;50
209;19
127;19
349;46
436;38
213;21
132;29
370;53
443;59
179;41
163;48
361;77
439;77
228;46
164;51
361;71
432;64
214;35
164;37
379;50
110;57
208;40
169;12
370;37
402;44
207;21
168;21
350;54
433;59
209;41
171;48
364;73
438;80
211;50
170;55
368;71
429;64
220;38
161;33
384;54
433;48
241;16
170;23
368;46
428;43
216;19
161;31
368;51
475;59
224;42
166;52
360;77
452;74
224;64
154;53
350;68
448;65
211;33
154;41
376;58
337;50
227;18
169;19
368;48
437;39
216;19
147;32
335;51
435;61
75;43
174;47
371;71
478;77
240;48
147;55
354;72
421;66
192;37
173;35
362;50
428;47
216;17
60;17
362;45
428;42
235;23
167;34
280;59
429;62
221;43
163;54
355;81
450;70
214;51
160;51
416;80
433;65
226;34
160;26
368;51
419;48
212;10
166;19
354;48
418;43
230;21
208;53
362;62
416;66
202;47
165;54
364;80
418;79
223;49
173;51
371;74
432;69
225;38
155;33
352;51
397;48
232;18
166;21
351;43
445;48
227;23
144;33
370;59
427;42
231;41
161;50
343;78
400;80
229;53
147;53
345;69
445;67
203;34
163;39
362;50
441;48
239;18
138;22
374;48
434;48
227;22
156;23
373;61
453;64
225;41
163;51
359;77
428;78
224;49
144;53
363;67
433;64
229;34
154;33
368;56
429;48
211;17
158;16
351;42
423;44
213;16
171;28
368;60
425;59
219;41
159;49
363;77
431;80
246;48
128;50
173;71
426;64
217;36
266;37
371;58
418;49
214;17
158;26
343;48
425;48
221;23
114;29
351;55
401;55
263;41
158;51
369;80
431;83
218;49
151;59
352;74
432;65
221;35
144;33
366;48
432;40
0;16
391;16
336;43
420;43
231;21
145;32
352;56
433;45
0;46
147;49
261;77
430;75
221;48
170;51
378;74
428;70
223;26
159;55
356;45
428;51
228;16
144;18
365;45
413;28
231;25
151;32
373;53
426;64
210;39
145;51
357;79
442;79
250;52
146;55
381;67
443;64
232;32
157;34
366;48
439;35
229;14
174;16
357;42
438;46
240;19
157;37
315;55
361;64
240;41
150;59
367;81
430;75
243;54
144;51
384;70
430;64
226;42
153;37
354;51
432;43
240;16
150;19
352;47
438;48
219;22
131;34
361;62
439;65
225;43
172;50
350;74
421;80
224;55
130;54
366;74
438;65
217;46
0;36
363;52
400;48
208;18
170;25
339;45
397;48
217;25
146;31
379;57
438;57
225;31
133;53
359;80
431;80
207;48
0;51
363;74
432;67
227;38
161;38
347;52
427;43
257;16
159;23
378;45
605;41
227;21
157;33
167;58
415;64
231;46
148;48
347;75
453;80
230;58
153;55
353;73
439;64
240;32
151;36
358;48
437;47
233;17
141;16
353;43
448;53
235;16
144;18
368;64
439;64
220;43
71;53
350;80
432;74
0;50
149;50
369;69
441;69
229;43
128;35
587;49
409;48
230;14
153;20
355;43
432;47
363;21
149;33
336;63
433;64
221;47
167;48
345;77
448;77
209;48
164;51
378;61
431;65
219;32
22;34
368;57
429;48
234;16
144;6
368;33
427;43
245;5
138;23
397;53
432;63
61;45
170;48
354;73
417;79
210;53
160;61
341;65
459;64
243;32
161;16
336;55
465;48
246;18
0;22
345;54
421;46
257;26
145;32
344;51
426;38
237;41
126;50
390;83
435;67
237;64
175;48
375;71
429;64
217;38
138;29
350;50
432;50
240;11
142;17
366;48
438;43
211;44
135;26
354;58
435;65
238;35
161;60
361;77
429;75
238;42
146;46
352;71
439;63
226;35
143;27
336;51
431;47
246;17
135;14
361;42
418;33
233;19
162;23
351;55
436;59
235;49
144;60
371;80
448;77
239;58
154;48
385;66
449;64
230;38
145;33
355;52
404;48
229;16
149;17
359;39
443;44
230;23
147;29
364;59
451;67
240;41
109;50
363;74
466;78
247;48
151;72
351;87
439;69
244;41
163;36
371;50
375;48
227;15
144;17
337;41
448;38
221;21
144;35
330;64
441;65
222;47
301;49
359;74
438;80
221;48
143;51
366;64
433;63
239;49
146;27
349;48
438;48
240;16
171;20
353;45
439;45
247;22
144;35
363;63
450;65
245;42
157;48
357;81
441;87
226;48
147;48
341;68
432;67
239;36
150;33
357;48
437;48
238;16
146;19
350;42
449;50
223;22
140;37
341;60
447;85
221;41
175;48
479;78
441;80
220;51
139;65
359;74
433;68
247;41
144;33
363;48
449;48
238;16
128;17
375;39
448;48
279;21
146;32
355;48
126;64
245;46
128;64
349;80
452;80
229;51
147;53
353;69
464;75
241;39
204;33
430;51
465;48
247;16
144;19
335;48
433;23
235;27
143;30
363;64
432;66
223;50
173;54
347;80
443;81
243;52
123;49
355;68
435;63
235;37
141;35
400;51
447;46
230;19
148;17
350;46
465;51
223;25
130;33
343;58
432;70
229;47
135;48
339;75
429;76
227;48
143;49
338;66
448;70
228;40
142;34
363;48
442;48
229;19
131;21
346;35
633;46
195;32
143;33
345;62
452;64
229;65
151;54
342;74
453;81
237;51
128;51
338;69
446;65
238;32
157;34
348;51
436;48
229;16
144;20
342;45
464;47
220;29
138;33
332;59
428;56
239;43
131;54
337;80
464;80
266;52
153;52
364;67
459;67
206;33
139;32
293;51
441;51
229;5
240;16
340;42
442;48
223;30
137;30
341;60
452;65
238;47
149;53
357;77
457;78
237;54
208;54
349;73
595;68
222;34
160;33
341;48
455;48
231;18
141;16
338;43
426;43
230;38
134;32
341;53
350;63
245;43
13;48
359;79
416;79
224;49
45;51
336;66
458;63
230;36
128;34
338;51
435;48
231;18
144;17
361;42
455;48
230;25
139;40
367;60
448;65
150;41
147;51
346;79
465;80
238;54
117;48
354;62
517;64
238;34
77;28
350;48
439;47
307;17
150;17
350;42
458;46
241;26
131;35
351;60
437;64
230;48
141;53
332;75
432;80
227;49
131;49
336;71
443;86
238;32
141;32
359;50
450;48
229;16
142;16
349;49
445;43
254;27
144;31
358;59
517;62
240;44
135;51
342;80
448;75
209;53
141;54
343;69
448;67
333;32
131;32
336;55
387;48
228;17
138;20
415;47
299;48
236;30
143;35
342;58
432;66
229;45
83;49
342;75
453;77
240;55
291;49
359;79
432;64
200;36
142;32
368;47
430;48
215;18
150;18
340;47
453;38
244;31
16;32
346;55
443;64
240;43
150;48
340;74
443;74
151;50
122;48
531;61
620;62
238;37
140;33
349;50
437;48
240;17
132;17
362;47
432;46
234;27
144;34
306;61
643;65
235;46
144;48
345;80
449;80
232;50
128;47
341;67
446;66
245;36
162;30
369;48
449;48
257;17
159;16
346;46
451;48
241;26
144;37
362;64
464;67
254;51
137;52
327;76
431;83
243;50
143;52
352;65
439;74
231;38
138;31
293;48
467;54
237;21
135;16
338;43
422;55
240;23
151;32
350;61
464;67
239;48
155;55
372;80
451;80
240;51
131;58
349;71
450;66
246;34
146;47
338;48
464;44
115;17
147;16
321;47
455;41
254;27
136;32
336;64
560;64
250;47
132;49
357;77
448;79
254;49
128;48
362;70
464;80
225;41
134;32
358;48
461;44
247;18
131;16
329;31
451;48
256;30
141;33
368;62
459;66
234;48
183;55
363;80
457;81
309;51
141;54
334;64
469;68
259;34
146;28
370;48
480;45
213;16
128;19
337;58
461;51
240;29
145;33
336;64
455;65
220;48
144;45
349;48
448;80
251;54
131;56
257;65
459;64
246;34
135;31
375;48
432;48
278;18
119;16
349;44
443;48
259;24
141;33
341;61
464;66
246;48
146;50
362;79
631;82
254;48
133;51
352;69
454;66
239;34
118;27
349;48
465;43
247;16
134;18
348;44
446;47
234;27
128;27
354;59
464;66
256;45
135;53
343;80
451;80
245;50
123;48
362;68
451;62
235;42
144;35
352;51
490;48
243;17
138;17
327;45
469;48
242;28
118;35
329;62
450;65
231;45
122;52
339;80
431;80
105;49
118;38
339;64
272;64
239;39
143;29
349;43
451;47
240;18
138;22
351;48
432;33
243;23
145;33
341;62
450;67
244;48
135;53
345;77
448;80
256;50
143;52
345;85
451;64
243;38
139;48
335;51
448;48
242;17
65;16
343;44
443;52
256;30
129;29
328;54
453;46
230;48
145;49
326;80
441;80
282;54
139;49
320;63
571;71
253;35
135;37
365;48
449;46
241;17
130;13
308;44
444;48
228;32
126;39
324;64
457;66
246;51
128;49
345;77
431;79
331;54
134;48
329;69
453;65
245;35
128;32
341;50
443;46
242;16
171;16
336;41
463;48
247;30
115;35
335;50
441;64
249;43
131;49
339;74
450;77
242;53
130;48
335;66
447;64
236;32
140;26
338;53
446;64
237;16
132;29
338;9
449;48
242;28
134;31
334;58
530;67
247;50
128;78
340;80
465;80
243;50
134;52
368;72
462;67
157;37
133;32
364;43
459;41
272;7
132;16
355;31
443;49
222;26
115;35
329;51
450;66
221;47
132;38
341;70
437;80
229;50
158;46
358;63
454;66
241;43
167;43
343;30
442;51
265;23
129;26
327;32
462;48
260;23
141;32
345;59
448;65
243;48
137;59
336;82
448;87
241;55
127;48
325;66
448;65
245;39
144;40
345;49
445;50
208;17
119;18
321;39
453;49
249;28
132;30
324;48
461;64
236;44
128;51
363;76
384;80
259;58
138;45
340;77
459;64
246;34
147;27
350;48
455;48
249;19
130;16
349;47
450;48
231;23
114;35
151;63
458;80
268;45
132;54
313;80
426;81
240;51
144;48
338;67
447;64
246;38
131;27
336;48
455;43
250;25
123;16
351;43
384;49
240;32
135;33
311;64
454;77
258;51
104;48
338;80
464;75
241;62
166;57
423;66
495;67
247;37
144;30
341;45
443;48
240;20
121;16
317;46
595;49
243;29
130;33
309;63
438;71
253;49
128;52
327;78
464;81
260;62
144;48
348;66
489;63
247;32
129;27
288;48
418;41
238;16
126;17
342;45
472;49
259;29
142;32
341;57
458;68
233;43
144;49
320;79
451;80
258;54
130;48
343;66
453;63
272;39
128;28
354;47
450;48
240;18
131;27
326;46
461;50
256;25
119;30
289;62
463;67
251;45
149;52
322;78
447;80
298;56
142;48
347;65
435;64
213;37
138;30
341;48
321;46
241;17
147;18
350;43
464;53
244;30
139;31
342;31
477;52
245;42
160;48
330;74
476;80
261;52
136;48
342;64
641;68
273;38
133;31
355;48
444;48
263;19
148;16
331;43
455;41
253;21
98;44
343;55
454;49
383;48
135;49
355;79
443;78
257;57
149;48
375;65
431;65
250;35
146;29
331;43
465;41
240;19
128;16
317;64
498;78
248;26
123;34
345;62
466;69
233;47
112;48
335;71
447;80
254;52
123;51
326;69
458;65
243;34
134;26
363;48
467;47
251;15
129;15
350;42
443;48
266;27
130;33
327;62
462;72
240;48
134;49
340;73
454;77
289;46
140;57
430;62
465;63
261;45
144;32
344;48
455;42
279;16
113;16
338;37
455;48
288;27
144;30
193;58
464;75
240;48
124;50
336;83
464;74
250;55
129;47
317;63
458;59
294;29
138;30
321;48
453;47
247;20
119;0
351;41
463;50
253;28
149;28
347;53
483;64
267;48
122;50
315;79
485;80
265;48
133;29
330;60
464;67
253;41
145;23
337;46
419;45
250;16
112;16
341;42
457;49
254;21
136;27
331;48
471;65
182;45
134;47
311;71
450;82
314;49
132;44
355;64
466;65
257;39
79;29
350;48
575;45
106;19
133;25
329;49
478;54
249;29
137;31
307;58
453;70
246;53
141;52
327;75
450;74
240;40
138;39
338;48
338;53
258;23
137;26
318;45
469;46
247;15
192;14
323;42
463;48
237;32
117;33
337;59
452;68
255;42
99;51
334;85
459;80
257;54
241;47
321;64
464;64
241;30
128;32
299;49
459;48
257;33
96;18
317;48
488;49
240;17
117;29
336;61
475;70
260;53
129;49
315;83
464;79
200;55
133;46
317;65
473;64
320;37
128;19
333;46
455;45
251;23
131;14
320;18
465;50
256;31
113;29
335;60
385;69
270;51
133;58
325;80
457;81
174;53
112;45
341;62
464;64
165;32
115;31
321;47
475;48
272;18
114;16
334;45
467;53
272;28
119;28
324;61
383;74
254;39
119;51
333;73
447;80
272;46
125;42
331;62
499;64
214;22
121;30
322;47
447;49
253;16
106;18
336;48
466;53
257;27
192;44
325;55
438;69
261;48
113;49
323;73
458;75
261;50
131;44
306;60
464;67
252;29
113;23
330;42
460;51
183;16
129;15
336;37
464;50
262;31
112;33
624;59
492;69
249;49
113;51
309;75
459;80
263;51
117;46
322;58
439;63
241;29
112;22
319;43
486;47
256;18
130;19
336;43
453;50
240;26
111;32
321;61
453;70
270;48
122;54
565;73
459;80
180;48
120;42
330;61
451;74
259;32
149;23
304;46
420;50
243;21
183;16
320;39
461;49
250;33
112;34
323;58
475;71
245;48
118;53
326;78
511;79
270;55
138;43
336;64
455;64
263;30
119;27
344;37
446;43
270;17
51;16
333;48
453;48
267;24
120;38
335;64
464;65
267;48
109;50
323;75
455;77
257;49
144;47
331;64
457;66
282;38
111;26
307;46
483;48
256;20
130;16
335;42
483;48
293;23
113;23
341;58
490;71
247;48
116;41
197;67
455;73
256;65
128;47
305;65
441;63
265;39
84;24
339;48
464;55
237;17
112;16
321;46
464;50
258;30
116;38
325;62
450;61
255;49
119;49
335;73
468;81
243;52
110;48
339;64
354;63
265;23
145;22
325;45
462;46
253;16
112;0
310;34
463;49
282;32
112;29
330;58
460;70
293;49
124;50
331;74
449;80
257;53
129;48
317;64
464;65
257;35
117;22
206;45
463;47
249;40
105;16
487;32
467;54
242;11
112;34
304;57
462;65
299;48
123;48
314;69
460;78
272;51
114;47
334;54
470;63
252;35
167;29
368;48
478;48
214;19
112;16
325;46
466;55
277;33
118;33
368;61
480;73
272;45
250;53
378;80
461;80
287;48
105;48
331;55
468;57
258;34
254;26
327;45
491;48
269;19
126;16
323;36
457;52
253;42
124;35
332;64
491;71
247;55
112;51
326;73
486;77
253;46
113;45
308;67
467;25
266;40
115;25
346;43
471;45
257;18
112;15
330;41
464;47
256;22
99;33
336;64
457;71
265;49
109;62
324;80
477;83
262;56
117;46
343;64
443;76
266;31
114;8
321;17
453;48
291;32
116;18
325;43
478;51
263;33
112;29
327;66
439;80
261;54
112;50
336;78
451;80
116;51
122;46
320;62
535;63
192;34
112;35
342;48
484;48
258;17
133;16
307;48
466;55
306;29
108;32
315;59
469;70
245;51
128;49
332;71
482;80
253;51
119;48
311;64
460;65
259;39
101;22
320;45
470;35
265;17
114;16
309;36
473;48
283;29
54;29
311;69
480;73
293;49
139;51
330;74
464;80
429;49
187;44
336;61
482;64
259;27
147;22
339;40
475;48
276;17
139;16
338;37
462;58
269;35
272;32
331;58
489;70
260;48
81;48
329;76
481;81
259;51
121;48
336;58
464;64
254;32
120;20
341;43
464;49
263;21
126;16
226;44
463;58
266;36
112;34
325;62
464;72
149;51
105;49
331;76
465;80
240;50
127;47
334;59
478;64
291;34
94;19
326;43
462;53
261;19
128;19
325;45
464;53
238;31
138;32
321;66
487;71
267;50
96;67
326;77
472;82
246;53
126;45
318;66
475;64
272;33
66;29
318;48
464;48
257;17
112;12
322;38
496;50
255;37
133;33
361;64
473;90
262;51
80;48
317;75
467;80
267;51
139;47
351;64
479;54
263;39
119;20
315;38
463;46
263;11
108;14
318;37
477;51
251;29
109;31
336;61
466;73
263;51
83;50
327;77
635;80
274;54
112;50
286;69
466;55
225;37
117;23
331;35
461;47
261;16
129;18
54;43
473;51
255;27
119;32
329;61
496;72
249;53
95;53
339;76
462;87
268;48
112;44
315;63
475;65
272;31
114;28
320;43
486;48
250;22
134;0
312;34
480;48
198;34
113;27
305;62
469;72
272;51
129;49
386;75
384;84
253;52
118;46
322;64
466;60
272;32
112;24
347;39
467;39
256;20
87;18
334;43
469;59
273;35
131;37
265;61
467;66
259;55
114;54
311;77
474;85
257;58
121;48
336;62
491;64
258;36
113;25
313;51
470;48
265;17
95;15
381;45
474;54
260;33
94;29
317;63
464;78
247;63
270;51
347;86
470;80
299;53
119;44
336;59
470;63
265;35
28;22
318;48
480;48
289;23
117;1
323;53
461;55
266;32
112;31
305;73
464;67
263;52
73;50
305;73
469;82
246;51
83;44
320;64
464;64
327;33
112;18
318;35
455;19
267;10
111;23
320;46
478;54
252;33
112;33
323;53
249;67
262;48
105;52
335;72
497;80
327;57
112;48
436;65
477;64
191;37
99;16
311;37
464;48
256;21
117;16
289;48
481;59
263;38
97;36
312;55
464;71
272;49
110;51
311;74
464;78
276;53
109;42
313;64
479;64
189;35
112;27
205;47
466;48
240;22
100;11
319;48
449;54
256;38
74;29
329;61
473;75
256;54
235;48
312;75
464;81
271;52
161;44
301;59
485;63
267;34
119;25
341;42
470;48
276;19
110;13
375;38
466;54
260;21
112;32
319;64
481;75
274;48
112;48
315;89
496;83
265;53
126;46
320;64
502;67
261;42
123;23
320;46
478;46
288;22
107;16
311;44
451;48
270;33
112;25
305;63
475;72
286;42
119;48
319;73
464;80
256;53
127;41
313;61
475;66
275;34
139;27
311;47
474;48
267;19
101;15
323;41
582;51
273;37
111;36
204;62
368;73
267;55
107;51
313;71
484;80
287;54
112;38
314;56
450;61
273;33
111;23
304;42
481;48
272;21
48;16
325;42
474;54
270;39
117;35
305;61
464;75
272;57
106;62
295;72
469;80
207;42
111;46
320;64
507;60
275;36
123;19
334;36
470;48
267;20
128;20
452;27
481;57
265;34
101;33
310;63
491;75
277;51
175;51
321;77
490;80
257;53
119;41
314;41
464;59
261;34
123;27
313;42
475;25
265;22
112;17
320;45
475;54
374;36
124;35
320;61
496;74
292;58
125;48
320;71
475;78
268;49
112;43
317;55
471;59
277;32
101;21
325;48
464;48
263;18
107;16
320;38
479;54
282;46
0;38
313;61
459;72
279;49
97;49
304;70
471;81
332;50
80;41
335;58
474;50
274;36
89;20
303;48
464;49
262;16
122;14
453;40
479;55
269;37
115;32
303;58
490;84
257;53
109;48
337;67
470;93
275;52
82;47
318;60
482;63
276;34
97;19
286;42
483;48
303;16
101;8
320;42
483;54
185;35
0;28
311;62
483;79
277;54
110;53
304;71
480;80
265;49
122;43
313;60
485;64
272;32
112;20
315;45
644;48
262;22
103;16
303;39
472;48
272;32
210;30
307;59
490;71
256;53
103;48
306;67
497;78
266;49
110;38
329;60
487;65
273;37
110;20
321;40
485;44
257;21
57;16
325;41
481;53
274;38
113;38
313;59
518;76
259;50
190;48
304;66
471;78
274;53
112;47
319;59
496;55
271;34
121;26
316;46
478;50
279;27
92;18
298;43
496;62
271;32
114;38
274;65
477;77
272;49
109;49
336;66
628;80
272;47
126;42
304;59
493;66
269;35
112;20
328;29
475;45
276;16
97;11
317;47
466;59
277;33
110;47
309;64
482;80
281;53
103;53
320;77
496;78
223;48
110;41
308;64
486;64
270;34
184;19
304;35
467;48
298;22
92;16
320;48
483;54
271;33
102;16
288;67
498;81
240;58
105;52
303;78
368;82
258;54
80;39
317;68
478;64
263;40
112;19
304;43
415;48
206;20
96;11
308;46
489;49
279;35
78;28
305;61
474;70
268;54
226;62
314;93
480;93
283;54
108;45
304;61
484;64
283;33
49;17
269;43
480;47
320;22
107;16
315;38
464;57
270;43
94;37
322;64
493;76
269;59
91;43
323;71
459;80
271;57
112;41
312;64
485;58
279;34
96;25
325;48
565;51
297;22
100;13
313;44
464;57
273;40
98;19
235;64
470;82
290;51
102;48
312;73
479;96
272;50
103;45
321;59
521;63
259;33
119;23
297;38
426;48
286;18
107;16
304;33
486;53
292;32
87;32
292;80
487;70
250;52
102;49
310;74
483;80
267;52
92;42
322;59
485;68
279;34
119;25
317;42
480;50
285;16
149;5
318;41
498;51
270;31
97;34
313;61
462;85
269;48
86;47
305;80
454;82
258;49
95;38
305;61
485;72
269;33
0;23
331;39
354;52
273;19
80;17
318;43
531;60
266;43
89;33
315;61
461;78
275;59
112;48
304;73
501;81
278;54
94;41
313;63
487;65
281;34
110;20
619;25
479;43
275;22
109;16
321;48
496;51
272;36
112;39
330;63
471;78
260;72
100;64
304;77
491;82
276;50
130;38
304;55
456;64
272;35
90;22
294;43
492;49
271;21
115;16
304;39
497;59
269;32
112;28
307;59
503;75
279;56
84;51
314;73
485;80
230;53
93;40
290;58
481;64
294;35
107;36
306;42
493;48
273;21
95;17
294;42
482;74
506;38
79;37
298;61
486;80
257;49
98;49
376;74
482;81
290;43
83;35
325;55
749;63
281;32
101;20
336;33
474;41
279;16
113;21
307;44
490;60
271;37
73;25
397;53
485;75
296;63
104;48
308;74
471;80
283;64
112;35
306;55
485;69
283;24
95;20
311;32
489;48
262;23
99;11
289;43
480;60
280;48
107;27
295;58
493;74
272;61
214;52
290;80
496;79
279;51
110;38
311;53
498;63
289;19
112;16
305;41
493;48
250;21
128;16
306;46
500;56
286;34
134;35
304;61
496;79
290;55
99;48
462;73
495;80
294;53
103;42
294;64
477;61
266;33
96;19
335;43
495;51
291;26
103;16
304;38
403;53
286;36
98;29
306;48
486;76
267;54
85;47
307;77
545;80
283;49
95;34
315;36
387;62
283;21
69;16
329;45
484;48
283;21
181;15
310;44
475;54
429;59
91;47
320;66
484;77
283;47
99;51
304;78
486;80
282;48
119;37
301;42
496;61
273;33
108;18
315;40
497;49
279;21
104;16
313;41
481;59
277;33
87;35
307;64
489;80
280;55
102;49
303;70
479;80
258;49
97;16
310;54
499;67
263;30
95;17
304;39
495;53
271;25
109;16
304;43
443;61
282;36
112;35
347;64
483;77
284;58
83;48
311;70
502;86
290;53
112;39
365;62
497;61
286;34
117;4
320;48
481;51
294;29
86;15
301;48
477;54
286;36
79;34
304;60
493;80
262;59
102;48
317;70
503;80
294;51
100;41
293;58
500;59
275;39
92;21
319;38
553;48
285;19
80;16
275;32
458;62
257;34
100;34
320;61
663;78
310;48
128;48
287;69
496;96
293;49
99;34
309;82
328;64
286;34
108;21
275;21
480;48
281;26
101;13
304;43
493;64
268;41
320;32
314;64
496;80
280;59
101;48
303;71
525;81
343;51
97;51
558;64
495;69
288;35
20;17
320;39
526;68
285;24
121;35
295;48
485;58
261;43
3;47
297;66
462;80
267;58
89;50
304;78
495;83
272;55
108;39
303;58
485;65
272;34
53;16
341;34
484;48
286;22
84;16
309;47
401;58
112;38
95;26
291;59
467;79
272;58
75;49
288;70
492;80
287;51
107;33
313;53
489;65
283;30
122;31
309;39
497;58
304;31
109;18
346;46
491;64
267;40
87;34
298;64
495;79
295;53
102;48
296;77
496;78
304;50
105;41
344;61
494;69
275;32
94;21
309;37
272;51
290;24
85;19
304;46
510;61
282;39
92;34
277;64
494;82
282;61
107;50
296;70
480;110
266;77
95;65
299;61
486;80
301;43
91;19
315;37
481;48
271;18
115;13
309;39
377;58
275;39
82;33
304;62
539;77
303;58
80;51
291;77
487;82
279;50
92;32
197;54
495;67
283;37
97;16
297;39
499;44
283;22
102;15
291;43
495;59
278;41
87;33
313;64
585;80
272;55
80;46
459;67
483;80
302;51
0;39
291;47
493;64
291;34
90;18
357;40
475;49
346;16
79;16
279;43
496;62
306;41
82;30
307;62
494;83
281;57
106;47
310;72
511;68
294;48
89;28
222;50
482;63
283;37
95;31
304;46
479;48
288;23
125;31
239;48
489;63
292;33
92;30
294;59
466;83
287;64
87;50
297;75
508;82
292;64
90;37
373;57
466;65
287;36
82;16
305;39
490;52
264;23
69;14
288;45
496;64
283;42
83;35
434;62
561;79
277;58
99;48
304;70
503;80
278;51
128;41
304;63
486;69
297;37
82;16
296;49
487;48
298;25
109;13
294;41
470;60
285;41
90;36
308;64
502;79
291;50
172;53
290;74
487;84
291;55
86;39
302;52
464;62
290;11
112;9
291;32
517;45
341;24
79;11
360;40
471;58
272;43
75;32
293;64
490;80
282;57
147;49
297;72
494;86
299;54
97;37
288;60
521;64
295;32
99;18
354;40
494;50
292;26
85;6
303;46
489;62
282;41
67;32
309;61
503;73
285;55
85;48
280;70
519;79
288;52
88;37
287;62
479;64
463;35
102;16
290;42
505;51
279;23
139;26
303;45
506;60
285;38
95;31
275;64
518;78
298;62
101;49
303;70
471;81
304;56
134;37
306;58
487;65
293;37
90;17
285;37
441;51
285;28
80;16
310;48
375;55
335;43
41;38
302;64
493;83
290;59
96;46
285;72
496;84
279;54
112;35
320;59
496;75
349;37
107;17
293;42
475;50
207;26
124;13
311;40
496;64
283;38
94;41
289;62
502;80
282;51
90;48
300;75
501;80
251;49
104;37
306;49
496;65
336;34
89;27
293;43
483;48
285;22
66;16
357;48
527;55
272;39
213;34
307;62
492;73
292;58
0;50
306;70
508;82
303;55
85;34
321;53
492;63
233;32
94;15
311;36
497;49
307;23
70;0
294;43
504;60
304;39
84;39
343;62
507;80
289;60
90;47
304;64
524;80
307;53
37;35
301;49
502;64
278;32
92;15
303;38
510;48
208;26
100;7
379;44
496;54
286;43
98;32
293;58
503;81
203;58
80;49
310;67
510;69
294;48
87;34
301;53
507;61
297;30
93;16
312;38
481;48
291;30
101;15
303;50
493;64
285;40
81;30
274;58
490;80
158;61
80;48
272;69
517;96
304;50
248;39
101;55
502;66
288;34
98;16
464;38
365;44
288;35
83;16
286;48
464;58
304;45
64;37
293;64
500;80
304;64
86;51
290;70
501;77
304;50
93;39
201;51
490;63
288;53
111;17
294;35
485;52
306;28
80;16
162;43
503;64
293;44
0;37
305;62
506;80
292;63
93;56
320;71
497;81
88;50
82;35
303;52
493;69
283;33
91;13
293;34
490;48
131;19
0;10
519;44
486;67
287;40
0;31
481;50
493;80
307;64
81;48
298;71
507;82
289;52
83;36
303;47
487;53
272;32
49;3
282;32
489;48
271;21
91;14
309;41
464;61
306;35
75;31
285;63
497;80
281;49
90;46
296;80
502;82
282;51
46;33
282;52
539;64
299;35
141;16
305;38
511;53
284;29
5;15
272;47
572;63
304;42
112;34
304;59
491;80
289;64
54;49
288;68
491;86
298;52
80;34
300;58
515;68
293;38
115;13
292;37
502;49
284;26
98;1
272;42
483;62
219;40
115;34
304;64
494;81
302;61
98;46
282;53
584;78
298;49
101;32
289;64
496;62
307;32
79;17
288;32
502;48
272;16
97;16
304;45
511;64
272;43
88;45
282;64
480;81
289;49
84;48
290;77
506;79
299;52
96;32
288;48
509;59
301;34
94;10
291;38
498;49
187;26
80;17
318;44
485;64
304;41
80;31
272;55
517;80
263;58
86;47
281;65
531;80
285;52
91;37
282;53
496;65
299;33
80;13
191;33
501;52
354;28
81;16
288;40
400;61
271;43
92;35
292;63
518;86
298;49
64;43
304;68
502;80
296;50
95;36
285;50
484;67
269;34
96;12
287;43
530;54
284;26
119;16
287;38
494;62
344;42
80;38
279;64
490;91
299;64
75;48
289;68
474;79
278;53
86;37
294;48
498;62
284;41
157;17
300;36
495;54
301;29
93;15
295;48
496;64
286;45
97;33
282;58
509;80
322;66
82;48
271;73
496;85
287;52
321;29
295;48
494;61
309;32
113;16
301;34
483;49
272;25
91;13
282;46
495;69
283;43
168;37
279;58
528;80
302;55
90;35
299;65
586;81
314;49
84;33
310;56
494;63
304;33
100;13
279;39
508;49
292;26
80;19
282;48
498;65
175;38
86;33
299;61
500;81
303;58
83;48
189;48
478;66
284;50
91;48
292;48
501;66
336;33
69;14
282;26
496;50
281;24
71;19
309;41
496;53
278;35
100;22
282;52
524;80
286;57
80;47
302;64
595;79
295;49
72;22
272;54
494;65
298;32
94;0
299;32
656;51
272;27
112;16
277;45
496;66
291;46
89;36
289;61
505;81
230;57
83;45
293;66
519;83
307;48
111;33
278;52
526;66
289;37
78;15
279;34
505;59
464;30
112;16
301;45
498;77
299;46
80;35
274;64
539;87
305;62
89;47
255;66
439;80
313;56
98;35
282;51
505;64
287;31
74;14
279;41
501;54
283;24
99;0
274;41
496;64
317;43
107;32
291;63
480;80
229;61
98;45
290;77
302;82
97;49
79;26
259;51
498;65
288;32
105;16
279;38
482;48
307;25
101;16
282;45
484;64
273;41
91;28
288;48
487;84
301;62
80;37
496;68
656;97
338;49
82;33
279;49
502;62
299;37
112;15
290;35
485;58
245;30
89;14
247;48
560;64
291;43
78;30
297;58
485;86
318;62
98;48
282;69
490;81
302;54
83;39
460;51
491;63
301;29
82;15
304;32
511;54
301;25
74;0
272;48
519;64
304;46
81;34
238;64
476;83
280;64
93;42
283;75
503;80
365;48
99;31
289;58
497;64
310;33
84;10
277;42
496;50
464;27
93;13
261;45
485;64
275;50
98;34
505;59
752;85
304;64
95;46
284;65
480;77
298;42
73;33
290;55
482;64
289;23
85;13
294;46
500;55
300;25
98;14
279;44
488;62
249;48
86;31
278;80
505;85
291;61
93;45
291;54
536;85
270;53
97;27
252;16
504;61
284;35
101;13
272;38
503;54
288;31
101;12
287;47
496;74
281;60
81;27
270;59
507;80
368;61
94;42
292;68
508;81
309;52
112;32
286;49
493;64
296;39
98;10
272;37
487;51
316;32
95;15
287;45
496;80
276;46
80;27
272;66
523;80
294;61
112;43
277;64
502;80
297;49
112;30
283;52
510;60
272;35
86;14
281;37
496;53
208;34
76;7
286;44
463;64
294;44
105;27
282;57
463;80
322;64
83;45
273;64
494;80
304;55
128;33
282;48
491;64
290;37
90;11
289;29
478;49
289;25
94;13
289;41
483;56
304;41
80;27
277;59
494;80
312;57
94;43
271;65
501;75
332;53
20;33
279;48
484;59
303;24
74;1
278;34
452;48
307;27
109;13
265;47
485;65
275;64
99;35
300;65
547;85
303;63
97;47
249;64
538;81
291;54
107;23
413;50
489;64
288;32
171;13
278;46
486;48
294;27
105;15
286;48
493;53
235;41
104;33
271;61
479;87
212;64
96;44
238;67
481;79
305;48
85;26
321;50
751;64
318;33
100;9
279;33
493;55
304;30
104;13
261;45
478;61
304;43
110;27
272;50
483;91
309;64
85;37
266;67
497;86
449;48
92;36
266;53
495;66
330;32
97;12
277;33
483;46
317;23
105;11
272;39
498;56
336;46
112;31
279;60
486;91
291;63
116;44
460;74
482;80
310;50
128;32
291;49
487;62
308;32
92;13
309;29
496;53
298;27
97;11
250;45
471;62
243;45
88;37
282;58
493;85
299;61
93;48
274;67
494;83
308;51
113;33
284;64
486;64
299;31
91;11
229;34
496;53
310;34
89;10
307;39
496;65
293;47
102;29
275;61
503;85
313;61
102;46
445;69
501;82
319;54
96;34
282;49
493;54
367;30
80;19
317;31
499;62
320;32
108;16
276;46
320;73
315;48
94;33
285;77
479;81
310;62
272;47
272;73
491;85
299;51
88;43
266;49
464;68
336;34
107;14
285;34
464;35
297;22
144;10
293;42
494;59
302;42
96;32
279;63
487;91
320;63
110;41
317;67
490;80
311;48
94;43
288;51
490;68
307;35
103;11
284;35
478;54
315;15
112;16
277;47
476;67
307;55
87;67
277;65
473;90
291;64
110;46
304;66
496;80
299;53
87;50
274;48
491;65
311;32
144;10
281;34
476;64
293;22
91;16
288;34
490;54
308;40
87;32
279;78
506;102
314;67
112;49
256;67
567;85
297;51
96;30
290;54
496;64
299;31
102;11
274;34
481;58
299;30
89;14
277;46
480;69
304;44
93;31
277;66
496;80
226;61
99;41
287;65
501;91
307;80
95;36
310;48
516;64
324;32
80;16
273;34
490;52
308;28
110;17
270;42
479;70
297;47
111;33
278;64
539;94
310;64
125;40
272;60
475;86
304;50
94;29
260;49
481;77
297;37
85;10
305;33
496;54
189;42
94;16
272;43
499;67
309;48
96;30
272;71
483;94
314;64
98;44
285;64
475;83
308;53
101;25
281;48
502;67
415;41
118;3
249;32
488;50
301;25
115;13
272;43
481;65
311;39
112;29
290;64
482;74
320;62
106;45
274;69
496;86
314;51
111;26
294;48
502;65
321;31
103;6
282;33
521;53
311;19
112;11
289;44
471;64
292;48
107;33
262;60
489;87
311;50
106;45
272;67
473;88
302;58
83;19
70;48
499;64
367;31
370;7
276;42
469;56
544;23
98;11
279;43
482;69
304;46
0;30
266;62
494;90
314;80
106;39
277;80
775;81
283;50
103;26
165;48
464;64
309;30
114;5
275;50
479;57
305;40
101;16
267;47
471;73
231;45
93;32
273;64
464;86
302;64
98;43
246;65
466;80
310;51
108;29
272;49
482;64
298;33
80;2
281;31
479;52
327;29
104;13
256;43
497;68
304;50
107;32
272;53
452;91
304;61
84;43
273;64
397;82
288;54
109;32
259;52
484;64
313;29
250;12
264;35
255;51
336;27
80;10
261;45
479;69
304;48
91;31
270;63
453;87
343;62
101;47
279;65
449;87
288;59
112;26
273;49
458;64
329;20
117;7
278;33
464;64
296;32
102;15
263;43
455;68
299;46
106;31
261;59
478;86
304;61
94;38
273;64
491;82
325;52
258;17
266;16
481;65
304;32
101;11
279;37
532;50
314;29
101;10
304;32
490;70
362;39
93;7
290;64
483;88
313;60
111;43
258;64
486;81
303;45
98;25
270;48
528;64
145;34
112;16
271;33
475;47
321;23
129;8
308;44
483;72
304;46
17;31
272;54
478;86
161;60
94;53
287;64
517;80
346;51
171;27
235;47
353;63
329;29
119;5
387;31
618;48
304;16
96;16
270;40
490;64
340;47
112;30
267;64
502;84
318;64
117;49
288;64
521;83
327;48
99;22
279;54
475;71
575;27
119;2
261;31
644;54
208;30
110;16
283;35
483;59
666;48
91;30
163;64
468;89
314;63
115;48
262;64
493;80
321;52
112;25
278;50
497;65
331;32
111;12
256;11
464;51
309;34
103;16
109;45
493;64
154;48
112;30
270;61
563;81
338;62
89;42
65;68
484;83
334;58
101;19
256;45
494;59
315;29
115;6
258;34
470;57
311;38
95;15
285;46
487;70
304;48
109;28
288;64
480;87
319;65
97;43
259;69
481;80
322;50
176;28
277;48
476;61
309;31
112;5
273;34
469;52
322;32
106;14
275;51
479;65
330;47
93;37
272;59
474;85
310;64
112;43
294;65
468;83
320;49
96;23
291;48
496;65
337;32
103;9
269;35
471;47
322;29
112;16
269;63
489;69
316;48
103;32
272;63
495;86
321;66
112;45
278;64
470;82
318;46
125;16
281;48
474;55
320;33
92;6
269;31
481;54
318;37
110;13
277;42
471;67
303;48
103;32
272;65
400;80
315;65
126;46
261;67
496;111
412;50
112;25
289;34
472;62
315;32
99;11
263;33
480;53
325;33
105;15
271;46
496;66
318;47
106;20
267;64
480;86
318;77
108;44
247;68
510;80
313;53
111;23
99;48
471;67
230;35
112;9
308;34
475;54
315;30
119;10
209;36
479;73
330;49
118;33
267;64
659;90
336;67
149;42
265;67
481;97
307;54
90;33
272;48
473;62
270;36
127;2
277;35
482;58
318;29
114;18
269;48
474;67
321;49
112;31
251;64
493;92
318;67
123;46
272;64
483;86
319;51
115;27
262;48
478;64
315;32
98;11
272;33
471;52
313;28
111;13
419;42
447;67
329;48
110;32
261;64
490;89
318;66
157;39
271;64
466;82
325;50
84;28
259;48
482;64
420;38
83;11
257;35
470;53
333;28
115;16
253;48
473;71
302;48
113;28
272;59
464;81
312;63
107;44
266;65
460;80
305;46
107;20
238;30
471;65
400;43
113;7
285;30
457;53
319;25
123;16
272;48
476;70
374;43
95;30
247;64
483;87
336;65
99;41
258;61
454;79
323;52
112;27
245;48
451;64
297;53
120;10
257;34
458;60
46;32
97;0
368;39
481;66
306;48
122;29
259;67
529;83
318;62
156;39
254;71
486;85
179;49
107;20
260;48
459;64
286;37
245;7
276;38
482;53
354;32
96;16
259;47
474;71
306;50
94;34
256;66
464;90
323;77
101;52
267;67
474;66
306;48
127;20
246;48
473;63
330;35
112;0
248;32
469;51
304;29
115;16
263;45
463;74
330;45
101;0
281;63
468;98
316;64
114;52
235;75
467;80
304;50
107;34
240;34
448;59
304;36
116;13
259;35
460;64
321;25
96;32
237;48
459;80
325;48
99;33
291;58
469;89
337;64
123;45
271;62
619;80
199;48
112;7
271;47
479;63
307;30
119;10
270;32
470;59
320;33
112;14
257;45
464;67
314;51
99;33
269;64
482;84
173;61
126;43
253;64
474;80
332;54
128;16
240;55
466;58
339;29
107;5
272;32
433;50
311;28
119;16
285;41
466;67
428;48
112;37
270;59
469;83
549;64
112;45
267;67
462;83
302;54
117;0
273;37
449;68
363;32
128;10
249;31
453;57
305;38
112;16
261;45
452;71
325;50
122;33
282;64
466;89
327;64
128;41
239;64
485;80
325;53
14;21
270;54
467;51
337;33
114;2
253;30
471;58
321;32
119;16
272;50
459;64
304;53
130;37
259;63
464;92
343;74
111;42
247;65
464;77
314;49
128;22
272;48
552;58
327;33
125;10
247;37
486;55
306;32
121;11
256;42
467;79
304;49
111;37
253;62
461;87
318;64
117;43
265;64
474;80
323;50
115;28
280;10
466;64
316;33
114;12
259;29
493;53
336;43
37;21
247;46
460;64
306;46
119;37
401;65
472;83
321;64
294;45
277;65
470;82
336;51
110;25
277;47
477;63
338;29
115;7
274;30
560;55
326;37
113;15
245;45
474;70
338;35
111;37
272;65
473;91
325;65
131;41
281;64
467;81
341;53
130;33
389;46
481;73
336;29
118;8
272;33
497;54
322;38
145;16
254;44
471;72
318;54
109;35
257;62
477;90
336;65
130;46
264;61
474;80
336;46
112;22
243;46
469;64
332;35
107;12
270;33
463;54
317;26
115;17
271;43
468;71
320;48
131;35
368;64
462;85
320;61
137;42
290;64
579;75
188;48
106;28
256;45
464;56
347;18
141;9
263;30
451;52
334;17
112;13
269;39
448;65
301;48
115;45
246;64
481;91
490;64
135;47
272;62
440;86
330;50
122;30
256;46
449;65
314;32
110;9
271;29
474;53
320;31
112;18
254;45
450;67
335;43
103;33
240;58
452;88
329;64
112;41
242;59
490;80
138;49
121;26
272;45
464;62
334;30
126;15
255;32
475;48
485;30
107;16
256;29
490;68
317;50
131;32
276;71
437;91
336;80
118;46
272;61
477;79
320;49
115;16
272;45
442;57
338;30
106;6
257;32
480;55
336;32
128;16
251;45
469;65
343;48
105;34
272;64
471;75
330;67
112;35
276;59
452;82
336;53
113;39
271;48
455;70
324;29
117;9
273;25
458;57
404;32
132;16
257;55
478;93
317;49
108;51
357;61
474;86
333;64
133;45
183;64
459;78
336;49
144;30
272;32
451;61
314;31
118;6
274;21
403;49
325;35
106;16
249;45
455;70
323;61
114;50
237;65
442;86
319;64
111;43
241;64
449;80
306;51
98;21
247;42
459;61
308;29
181;3
245;31
442;51
320;31
116;12
257;41
464;65
311;57
114;30
257;63
483;87
343;64
111;39
257;61
464;78
314;55
143;21
217;46
449;64
312;34
121;6
262;34
457;54
320;21
107;13
251;47
471;73
342;49
116;33
258;64
482;85
318;62
160;41
252;58
466;80
321;51
119;26
247;43
476;58
326;32
122;14
244;39
465;57
333;51
103;31
251;48
459;69
323;51
99;34
256;49
448;82
330;64
121;41
259;59
457;79
447;49
112;21
259;48
490;64
346;34
177;11
335;31
687;59
331;41
112;18
240;64
467;70
324;48
112;32
215;64
462;91
325;64
306;40
270;64
464;77
336;55
128;25
247;51
453;62
313;28
117;6
256;31
463;53
363;31
113;18
253;47
479;83
321;50
124;35
226;64
461;89
315;66
115;48
234;67
470;78
321;49
109;21
256;48
454;64
341;32
125;9
247;31
507;49
319;32
240;16
259;45
443;69
338;48
130;34
268;64
474;81
327;64
117;42
261;64
467;80
690;50
417;25
231;63
473;65
333;37
107;5
242;33
457;51
305;28
103;15
266;45
453;70
318;58
112;33
257;64
452;90
331;61
279;39
272;64
463;80
304;50
125;26
257;43
442;59
336;32
131;10
270;31
464;52
326;42
131;16
240;38
446;69
321;52
111;32
336;64
464;87
330;66
128;42
240;67
427;75
335;50
128;2
261;46
464;59
320;38
111;14
257;32
448;56
325;64
132;18
240;46
413;70
329;56
52;34
256;62
448;87
338;54
112;49
267;69
440;80
336;51
120;29
249;64
448;59
336;31
139;6
242;33
453;52
336;33
122;12
244;39
451;67
345;51
143;37
267;64
471;89
347;61
135;29
252;59
463;77
336;48
137;18
257;45
460;58
340;29
128;11
265;30
482;50
330;35
138;16
263;59
458;67
347;49
122;33
262;59
470;86
232;64
124;40
245;61
454;78
336;51
159;27
251;46
461;48
346;27
123;8
251;28
460;50
339;40
112;16
250;48
448;71
331;51
121;11
263;54
451;96
306;64
125;41
240;62
469;80
333;50
132;20
243;46
446;51
320;31
118;10
267;34
434;53
334;35
93;10
265;48
469;73
338;51
131;33
262;62
458;90
337;70
121;46
241;59
455;80
337;53
128;26
253;41
461;64
350;33
114;10
255;32
450;54
327;44
127;15
245;42
467;69
320;49
128;34
251;59
456;86
336;64
98;41
259;62
466;80
321;50
442;23
256;47
442;63
336;29
115;5
262;31
447;59
355;32
134;16
242;45
443;70
271;55
112;36
253;55
473;81
320;63
129;48
251;70
459;80
338;59
123;27
244;45
442;64
333;49
125;9
240;19
462;49
230;33
116;18
274;38
446;66
316;46
128;39
266;63
455;67
336;66
114;46
261;64
466;80
330;49
216;23
263;48
460;63
310;39
123;13
259;27
464;53
340;29
135;16
229;42
470;75
337;56
114;36
247;64
462;83
347;80
112;46
251;62
448;75
336;54
114;27
251;48
465;73
321;33
109;4
257;32
422;55
331;35
141;18
239;43
581;67
337;65
117;30
230;55
461;82
338;64
144;45
239;64
460;80
342;46
125;23
245;45
443;62
336;28
130;16
240;32
107;51
325;37
153;16
256;48
457;73
336;68
125;32
236;69
461;85
336;61
139;45
265;64
470;79
342;48
55;21
245;46
436;59
349;29
141;3
250;29
466;71
341;33
158;22
269;41
449;72
351;70
365;37
241;64
448;83
368;67
119;30
253;61
432;80
330;51
144;23
290;45
451;64
333;35
130;7
254;19
437;55
331;37
127;13
235;37
445;71
330;54
115;43
239;64
447;85
350;52
129;46
215;61
454;79
325;51
17;27
265;45
433;51
345;27
137;8
240;32
467;50
338;32
128;16
240;47
442;69
319;51
133;22
255;64
438;83
183;68
142;44
64;60
449;80
327;51
131;21
228;39
447;54
347;14
114;0
234;26
434;52
320;35
128;18
240;44
437;66
196;51
141;46
265;64
441;83
357;62
128;42
254;59
448;78
341;49
125;27
233;46
737;58
331;29
118;11
242;33
440;52
328;32
122;16
235;45
427;67
336;50
128;44
213;64
448;86
346;59
123;43
202;62
436;75
336;52
88;25
255;46
459;48
327;25
118;6
222;27
439;53
336;30
144;14
179;47
451;69
332;51
132;43
250;65
432;91
335;66
119;42
243;62
497;80
335;48
122;23
267;43
539;59
323;27
114;5
246;31
464;48
324;33
97;11
262;44
449;66
316;53
175;22
217;52
471;81
325;58
142;44
250;61
433;75
334;51
126;26
247;41
443;76
327;37
127;11
265;35
464;81
341;37
127;16
247;48
494;71
337;51
119;38
239;64
453;86
335;61
130;42
220;64
464;79
340;51
151;25
207;43
442;58
367;31
121;1
226;26
462;53
378;33
37;19
245;48
463;71
337;54
156;36
242;64
455;83
336;62
128;43
241;60
448;79
335;58
128;33
266;42
527;52
336;25
55;5
240;35
449;54
344;38
150;19
242;48
462;73
346;80
125;38
240;64
447;80
336;80
136;45
245;59
450;71
347;59
135;27
240;44
459;48
353;32
124;7
254;28
335;53
259;35
138;19
242;48
459;74
327;58
133;39
380;64
442;87
345;67
182;45
143;57
444;69
323;27
141;21
254;42
447;57
431;32
146;16
226;47
433;61
337;39
130;19
240;43
448;71
336;47
139;34
263;67
466;91
335;74
114;48
243;63
451;77
355;48
128;16
242;43
463;55
331;27
141;11
202;32
467;57
347;37
119;17
233;39
491;69
352;55
136;40
273;79
464;86
359;67
149;43
138;64
386;80
312;49
77;30
238;41
351;55
138;33
118;6
246;30
420;54
341;40
227;22
230;48
453;70
336;53
154;41
272;67
429;83
336;64
135;43
245;55
464;72
387;50
136;28
251;65
461;53
339;28
144;5
259;27
448;62
346;42
147;18
223;38
464;71
339;51
144;44
255;67
455;94
342;64
197;43
250;59
419;67
344;48
132;11
236;41
455;62
344;35
149;16
240;32
447;53
336;40
142;27
256;50
434;62
350;48
150;42
250;69
477;87
325;64
144;50
235;68
457;81
339;31
143;21
250;43
450;59
348;34
144;6
215;47
384;71
333;35
138;19
226;47
464;69
363;51
151;36
256;64
454;83
496;65
148;43
250;54
449;75
354;52
145;16
248;48
456;54
345;27
133;16
94;32
454;53
347;34
138;17
256;33
437;77
357;48
116;35
270;64
449;81
336;63
144;52
222;60
448;76
351;32
130;16
245;35
448;54
353;30
144;14
245;34
537;39
345;34
179;19
244;43
453;69
336;55
145;43
205;64
445;83
362;79
140;48
227;65
433;84
394;51
8;27
228;48
448;61
355;29
144;10
233;35
446;49
322;39
145;22
229;48
434;73
361;51
160;40
242;64
455;90
326;64
141;47
227;60
433;76
333;50
135;16
235;39
432;57
395;33
127;14
230;31
435;58
339;35
144;15
229;48
450;64
352;48
143;36
240;59
441;86
336;69
221;45
232;63
464;75
366;54
176;26
223;39
470;62
345;35
197;17
253;31
450;51
327;35
156;17
211;64
460;70
315;59
155;42
240;64
428;84
343;63
129;36
250;61
432;67
336;50
126;22
235;42
448;57
363;27
145;6
240;19
437;49
356;37
137;16
241;48
351;69
337;51
139;38
244;65
455;90
357;70
143;74
240;57
442;71
347;55
142;27
249;47
432;55
362;28
144;8
249;34
394;53
311;39
139;16
233;33
450;65
367;51
144;38
285;65
261;80
416;68
113;27
250;55
440;71
336;50
127;20
256;43
455;61
341;36
145;10
240;33
438;55
358;42
110;23
253;48
448;73
362;55
144;34
249;64
443;85
355;65
134;46
237;62
445;79
347;59
138;34
240;46
450;54
348;33
131;17
254;33
439;49
353;48
143;16
241;45
432;72
339;64
132;41
246;64
455;83
172;64
153;42
223;60
445;93
301;54
141;26
243;47
464;66
336;34
128;14
241;33
448;52
370;35
139;22
212;48
432;75
340;55
129;31
245;58
452;85
337;64
142;47
221;50
457;74
573;50
147;24
229;41
461;54
327;37
228;17
233;30
438;58
344;35
140;17
233;43
427;71
364;59
155;43
242;66
448;91
361;70
142;45
254;54
437;79
354;50
146;27
208;42
446;59
371;32
144;13
233;33
423;55
336;48
123;22
297;55
384;69
349;57
109;43
219;85
438;85
335;70
134;45
231;64
438;79
231;54
153;22
231;41
448;58
332;31
172;10
173;48
342;58
349;39
128;18
426;48
411;71
330;53
130;41
219;67
431;88
343;71
151;48
251;57
428;80
320;48
144;16
187;42
463;52
364;31
144;9
229;32
437;51
343;42
150;20
221;48
447;78
341;55
141;45
224;65
454;85
208;67
147;37
231;54
431;73
348;47
149;23
282;39
427;51
348;31
151;10
243;41
447;59
355;39
160;20
227;41
399;67
339;55
177;48
265;64
441;85
343;65
127;46
243;60
448;73
365;49
176;21
233;41
457;51
559;34
143;0
240;32
451;54
352;39
136;23
229;47
450;69
365;57
141;37
240;64
442;80
359;64
144;43
107;53
435;80
368;48
143;17
249;35
454;47
371;23
138;5
239;27
485;42
336;37
147;18
246;45
433;71
344;54
174;42
243;65
407;85
359;65
151;37
240;57
440;70
353;51
167;23
249;37
439;50
351;33
146;10
235;33
432;50
350;41
157;15
355;47
437;69
350;58
159;41
231;64
525;96
367;64
158;48
155;59
438;80
381;50
140;25
233;41
451;58
367;34
155;26
243;39
433;54
341;38
141;16
238;48
455;48
362;57
150;39
237;66
456;89
655;80
139;47
240;61
462;75
365;53
146;22
241;47
451;55
355;34
149;14
239;30
331;57
655;39
146;18
250;48
439;76
368;60
149;41
225;63
451;86
354;65
157;46
195;58
448;79
356;48
24;22
241;38
458;48
341;30
151;12
240;31
441;49
367;37
146;18
237;46
432;70
369;48
145;43
234;54
434;87
361;64
142;60
246;56
448;80
358;51
138;30
232;43
454;58
366;32
159;11
218;31
431;55
341;39
112;20
165;48
437;75
351;55
161;44
236;65
592;88
343;67
159;45
237;76
432;75
353;49
132;23
235;36
447;53
351;35
144;9
227;29
449;51
343;42
144;19
226;48
448;71
338;52
144;35
231;64
445;86
368;66
134;43
253;55
433;74
356;51
145;18
224;34
445;51
339;29
157;9
227;32
433;57
382;39
106;19
253;49
444;65
363;54
162;39
229;61
443;81
368;58
140;42
248;54
450;73
344;48
148;21
235;39
455;51
354;30
145;0
238;37
445;49
361;35
143;21
227;36
432;68
360;59
144;47
232;68
435;90
361;65
139;37
285;74
423;66
352;33
162;16
240;38
446;53
356;32
145;11
97;35
443;54
355;43
141;18
224;57
439;67
422;57
144;33
238;65
433;83
356;67
147;44
247;60
421;73
353;49
123;2
235;42
435;51
368;34
141;14
214;32
432;51
353;38
138;16
229;47
343;78
343;65
154;48
238;66
706;90
349;66
144;48
219;69
466;79
363;43
128;17
223;39
499;50
355;33
155;9
223;36
432;54
368;44
147;20
208;38
480;71
345;57
130;49
240;68
433;91
166;66
142;48
235;60
442;76
373;49
142;19
229;45
432;55
357;33
143;12
43;32
482;59
355;36
157;16
224;46
420;71
361;52
155;39
226;71
432;89
345;67
174;58
240;66
432;79
361;51
149;39
225;39
436;57
435;19
165;19
238;32
468;57
357;43
144;21
233;48
439;74
343;58
122;48
289;67
432;85
370;67
145;59
240;64
462;75
384;50
124;21
263;43
410;59
571;37
153;14
233;42
431;59
373;43
144;22
243;32
443;73
347;59
144;38
275;77
400;82
358;64
146;44
238;57
435;73
356;44
161;27
230;39
439;50
384;31
147;7
210;45
453;50
361;39
149;19
227;48
445;70
359;60
160;40
227;53
432;80
354;64
153;35
211;58
418;75
381;52
155;23
238;31
455;50
354;34
162;12
234;31
432;54
361;37
161;27
231;50
442;73
373;59
137;44
225;63
427;96
352;71
157;43
234;75
448;65
371;51
155;19
220;39
538;59
368;50
149;17
224;32
421;53
367;38
162;17
218;48
454;74
368;63
51;45
222;64
432;81
363;60
176;47
220;53
457;70
376;49
160;36
222;37
433;52
351;31
146;9
274;32
433;52
345;41
145;23
229;48
441;70
367;64
174;44
225;66
425;90
369;67
158;47
222;57
441;73
366;48
181;29
237;39
432;55
371;33
155;7
227;28
422;51
354;43
152;23
218;57
443;73
352;62
167;46
223;66
403;82
369;71
162;45
235;54
433;71
379;43
175;32
218;42
403;57
367;34
149;14
225;26
424;52
353;41
143;23
239;38
533;76
276;65
129;48
206;68
457;84
366;67
107;46
334;61
600;75
346;49
167;27
218;37
441;50
367;34
170;9
221;32
431;52
370;46
150;22
208;48
428;64
359;58
144;45
234;64
447;90
384;70
170;45
231;60
462;74
368;50
155;24
209;45
339;52
354;32
164;6
223;32
441;51
464;38
159;19
223;50
403;74
367;64
154;48
223;68
444;86
368;65
154;43
226;61
431;77
362;50
151;26
208;41
448;48
359;43
21;12
228;29
459;54
358;38
165;23
197;48
445;73
371;62
257;42
227;64
432;85
454;67
155;46
233;55
417;43
392;41
113;23
233;37
454;49
358;32
149;2
212;31
413;54
324;43
176;26
216;49
411;75
367;62
176;17
227;64
438;90
366;67
174;43
271;54
418;71
378;52
194;27
234;41
443;57
368;38
155;16
222;16
432;50
361;37
161;19
238;49
432;48
389;64
192;53
230;65
426;85
365;77
169;43
227;55
403;74
359;62
150;35
225;45
432;54
350;31
131;10
215;30
531;57
375;46
151;26
214;43
432;74
361;58
112;52
209;71
423;90
369;73
193;46
224;61
435;69
363;50
142;46
221;39
401;68
367;34
175;14
274;32
438;51
367;45
252;24
211;45
415;63
368;59
166;52
218;73
267;82
463;64
148;41
213;50
432;80
370;48
169;25
219;43
447;54
367;38
169;25
227;33
409;57
375;44
242;22
225;48
432;85
365;64
163;39
203;66
432;81
366;67
165;48
229;50
432;66
358;48
153;48
208;45
422;51
366;30
176;11
222;30
368;51
400;43
258;18
231;48
416;73
374;64
154;29
226;62
427;81
359;67
25;46
265;55
458;71
368;48
167;23
229;34
410;55
353;23
155;3
236;27
425;53
352;42
165;18
225;48
425;74
368;59
175;45
240;65
448;83
359;66
150;46
225;50
433;76
356;48
144;21
207;37
431;49
368;32
174;12
0;35
444;54
352;42
320;23
215;49
428;77
389;64
144;43
205;65
432;87
367;64
159;41
210;58
432;64
371;48
163;13
226;38
432;52
105;33
174;16
203;47
404;51
379;41
159;25
208;48
401;75
368;63
175;45
203;64
390;80
412;69
85;45
223;50
427;79
368;51
171;21
221;37
432;55
359;59
175;11
221;27
423;51
377;45
169;42
222;48
437;71
416;55
215;43
259;64
410;80
386;64
175;35
242;43
421;67
420;47
179;21
217;32
431;49
368;31
140;13
224;29
428;49
368;38
147;24
191;64
407;80
351;59
240;48
215;75
418;99
413;70
150;48
245;53
432;68
361;51
174;26
364;33
420;52
475;31
198;9
204;27
413;62
370;47
151;29
160;48
445;71
373;71
179;43
205;59
423;84
384;57
162;36
211;44
417;69
368;49
169;25
210;33
416;52
368;32
160;16
220;32
418;54
374;43
169;18
227;46
420;73
324;64
176;45
242;61
414;80
378;65
187;41
209;54
406;69
367;49
167;21
230;34
402;50
375;32
159;15
234;30
419;55
367;47
177;23
219;47
407;75
385;58
143;45
213;59
396;80
350;73
146;39
196;53
444;71
369;47
169;19
206;29
419;48
379;32
342;9
223;56
432;52
368;43
145;17
207;48
417;73
370;51
165;44
210;64
403;86
394;69
0;39
203;53
431;67
375;32
164;21
232;32
422;51
394;30
157;9
215;26
435;52
341;41
144;23
203;36
486;64
422;53
197;43
198;52
428;75
368;61
151;42
203;50
430;68
350;48
183;20
231;35
249;50
366;33
157;12
243;27
433;49
370;42
164;26
306;47
414;73
342;62
154;38
217;69
431;89
379;66
177;45
203;51
431;65
369;48
174;27
203;49
432;50
329;35
189;8
189;22
421;46
362;35
171;21
209;48
431;74
358;60
167;48
210;62
427;83
375;64
169;42
207;50
422;73
365;48
174;16
208;43
419;50
371;48
158;7
215;41
437;53
310;43
177;27
212;48
400;75
281;64
150;48
249;68
446;84
377;68
176;44
206;67
402;74
409;54
193;24
220;35
421;49
372;33
178;14
210;32
417;52
371;35
160;25
233;48
424;74
400;63
189;39
211;64
403;83
384;69
174;31
225;44
432;65
374;48
174;23
203;36
481;48
382;33
154;13
203;7
391;50
368;43
165;16
243;48
432;72
367;51
182;43
211;59
335;78
368;62
166;42
219;53
421;67
381;50
178;26
196;28
428;50
374;33
144;2
223;27
418;50
380;35
50;23
213;45
418;75
371;65
171;48
210;54
445;81
396;67
173;46
217;55
437;70
423;50
155;27
196;42
429;51
368;34
167;14
209;28
432;53
357;39
167;21
222;48
409;73
389;61
158;48
205;48
420;83
373;64
161;55
225;64
423;73
368;57
177;27
208;35
404;50
382;37
130;13
222;27
429;50
368;64
166;23
202;48
395;77
399;62
141;50
209;66
400;86
380;70
176;46
215;61
304;69
378;48
178;22
222;35
422;48
383;33
161;9
213;27
439;51
365;48
160;26
213;42
421;71
368;62
174;48
214;66
315;85
374;65
158;48
206;46
417;67
371;48
0;21
183;32
417;48
361;34
163;5
200;30
429;54
359;45
163;27
213;48
400;73
401;61
185;49
208;73
404;81
397;64
161;34
207;51
417;62
383;46
173;18
213;29
431;48
369;31
158;14
222;29
418;53
388;53
153;28
195;62
405;69
336;65
186;38
204;62
434;90
400;64
173;44
178;55
418;70
381;50
163;14
201;22
406;48
381;32
171;10
203;26
484;55
358;47
130;25
189;48
414;75
375;49
176;45
204;64
400;83
361;64
160;48
198;51
422;66
371;48
164;25
207;35
433;50
367;41
176;0
219;21
421;48
368;45
166;27
176;48
401;71
279;62
169;46
170;64
432;80
358;64
160;42
217;42
422;75
379;53
176;22
385;38
425;55
362;34
167;13
208;26
419;53
363;44
153;22
194;48
416;75
385;66
81;48
213;62
416;80
381;66
185;45
287;51
425;68
373;49
165;16
197;35
400;37
385;29
164;14
205;27
415;52
367;45
160;26
214;48
418;74
340;64
167;37
197;63
403;74
368;70
174;39
192;52
414;67
377;49
161;23
206;38
404;55
471;35
171;15
208;25
409;69
393;45
170;25
209;47
400;67
363;62
144;48
194;64
422;80
385;64
173;46
221;47
410;64
391;48
177;7
206;33
419;48
371;37
165;27
215;34
429;55
382;44
177;26
208;47
432;71
354;65
83;47
208;64
425;81
373;69
163;43
208;54
425;68
371;49
159;21
208;31
410;48
371;21
192;6
195;26
410;50
382;42
173;29
208;42
661;68
373;75
176;46
195;66
413;81
370;64
186;39
211;52
580;68
385;58
175;16
211;30
409;45
382;37
171;20
207;65
402;57
385;33
175;13
207;44
414;70
348;61
173;48
195;65
422;80
201;64
148;39
226;52
407;64
395;48
176;22
215;32
321;47
396;35
155;14
209;33
556;54
386;48
144;32
223;48
405;74
368;63
170;48
202;64
650;80
379;71
173;42
185;54
423;75
400;51
167;27
223;43
323;53
388;41
164;12
180;30
402;49
394;39
170;35
206;52
415;77
378;66
169;46
208;63
414;82
407;69
178;43
209;57
410;70
384;48
188;21
204;35
431;48
378;37
166;15
208;31
448;58
384;46
171;29
191;48
422;76
364;64
175;47
206;65
428;83
400;69
184;44
7;48
417;68
373;48
234;22
209;36
430;49
384;34
177;15
195;7
409;66
401;48
181;19
185;42
409;64
371;64
160;50
210;67
432;83
379;64
176;39
207;51
402;67
394;50
165;23
220;34
400;48
394;38
182;15
208;30
412;48
368;49
157;31
209;49
406;72
361;64
174;46
211;58
418;81
395;67
183;22
413;53
409;67
379;48
172;17
192;35
407;48
336;25
189;9
217;31
411;49
391;33
176;23
203;48
411;76
388;67
178;46
199;64
434;80
393;64
181;38
223;49
415;64
389;48
198;17
193;21
416;39
400;32
160;13
176;40
418;51
387;45
174;27
211;48
416;74
377;74
182;51
202;65
401;82
314;67
187;48
177;52
416;68
368;52
176;19
206;27
418;50
381;17
254;1
199;27
401;53
374;44
148;27
206;48
457;69
384;64
179;54
210;64
399;69
165;66
188;43
226;48
413;63
415;57
176;20
208;34
420;49
384;64
184;17
272;29
407;50
384;48
160;29
276;49
390;75
370;73
171;48
219;64
400;80
387;82
159;46
193;46
431;65
375;49
189;22
206;34
414;48
384;34
139;14
198;34
371;54
397;48
176;31
191;49
386;70
394;58
176;45
196;60
443;75
195;66
213;42
205;51
400;78
390;48
177;16
203;31
421;47
383;31
174;11
209;31
410;54
386;49
174;29
192;48
409;87
391;65
176;48
128;66
383;80
386;72
167;37
190;49
400;68
429;49
194;18
197;29
408;48
374;38
176;11
190;25
428;48
381;45
86;29
185;44
403;68
370;64
176;49
194;63
416;77
383;63
175;38
197;51
395;66
377;48
170;23
182;42
395;49
378;36
244;14
208;30
416;53
316;48
178;34
204;48
358;79
384;69
185;61
209;64
391;81
612;69
71;43
206;58
405;73
385;48
197;23
172;33
399;48
398;37
166;15
17;29
402;55
370;48
171;29
191;48
416;75
365;62
176;48
193;60
417;81
371;78
201;42
199;48
400;64
400;48
173;25
209;35
414;48
379;35
173;13
202;35
404;53
403;48
176;49
177;48
400;75
384;69
176;39
199;64
401;80
375;69
143;45
208;51
425;66
374;53
192;24
191;30
378;48
377;35
187;14
189;30
402;54
368;48
179;29
196;48
322;71
386;67
176;59
176;64
416;83
379;68
192;39
208;50
411;64
393;48
189;19
204;29
422;48
380;35
176;19
400;29
413;51
385;43
0;24
203;49
434;71
404;65
177;50
192;80
416;83
391;65
177;38
197;49
419;53
383;46
182;16
182;32
400;48
425;37
119;14
208;26
400;55
387;48
178;31
187;49
401;75
368;65
173;49
183;63
398;91
385;64
176;52
199;51
423;53
449;45
186;19
211;26
319;48
384;38
187;16
192;29
432;54
304;42
166;44
208;52
397;70
377;67
183;35
207;51
414;80
379;77
176;43
209;48
294;64
400;39
64;19
205;17
406;48
382;38
163;17
189;28
355;53
379;48
179;27
174;47
394;73
378;42
186;48
192;62
410;80
378;68
181;42
214;49
479;64
378;47
181;21
192;28
413;49
368;43
163;16
254;26
399;58
385;50
168;42
191;47
402;76
369;69
203;63
199;80
391;77
387;68
162;35
198;46
419;64
400;48
199;20
208;32
401;47
331;34
184;4
207;21
395;53
383;48
176;26
195;48
400;73
400;67
170;50
183;61
405;77
560;65
311;42
0;58
418;70
751;49
188;23
192;27
419;49
386;32
206;13
211;29
422;45
422;44
192;21
79;48
414;69
267;65
176;46
175;67
404;83
380;70
171;46
189;48
407;64
400;48
81;25
189;34
401;48
403;35
159;13
204;31
435;56
371;50
98;45
190;63
415;77
391;68
111;50
201;64
416;78
391;67
186;39
214;49
415;64
384;48
178;28
202;32
400;48
413;31
187;16
71;25
410;48
387;48
192;25
197;46
394;71
407;67
179;49
194;62
365;81
371;67
0;43
192;48
415;64
402;47
204;22
128;28
426;49
384;39
174;16
190;26
401;49
476;46
184;22
192;48
400;90
384;73
179;47
207;58
411;80
400;68
185;43
176;49
381;64
401;67
181;21
211;32
399;47
218;38
169;11
33;26
394;55
397;48
180;33
194;47
382;71
388;64
176;47
161;46
384;62
369;48
141;37
176;48
390;64
369;48
191;21
204;35
402;48
405;37
186;14
128;22
385;53
383;48
157;31
199;46
388;80
379;66
178;48
189;57
391;73
400;63
199;39
179;47
390;64
400;34
176;33
193;28
400;48
383;34
185;29
188;30
419;48
397;46
166;32
191;43
409;76
369;65
181;43
193;62
421;80
395;64
178;42
191;61
420;64
379;50
208;17
176;33
389;47
384;34
184;5
195;26
395;50
371;50
176;29
173;48
401;69
391;64
191;47
188;61
399;79
396;64
186;45
0;49
416;66
401;52
205;28
411;29
322;48
386;33
181;14
192;27
464;62
414;50
141;32
193;49
383;69
447;65
178;48
191;54
413;75
391;67
176;46
189;41
419;66
391;53
183;16
186;28
394;48
292;37
182;5
185;21
431;51
329;49
176;29
207;48
449;70
371;69
99;48
189;55
400;77
399;69
192;43
184;48
401;64
384;43
168;23
203;30
403;44
384;34
169;14
187;26
652;54
386;52
211;16
182;43
386;64
387;64
208;48
179;61
405;79
393;64
198;37
181;46
392;64
384;48
220;16
192;26
258;38
383;43
294;9
191;23
389;64
323;51
176;39
177;48
381;67
383;64
177;48
180;62
400;89
450;69
180;35
192;48
400;66
416;52
203;19
177;25
413;48
403;38
194;14
192;29
369;64
397;48
186;29
183;48
391;71
389;76
190;48
192;66
389;79
407;74
184;41
267;48
405;62
370;48
176;20
192;26
400;48
392;33
175;10
210;35
397;48
381;48
191;31
176;48
400;72
387;63
177;48
176;61
394;76
390;65
199;37
192;47
400;59
362;49
177;21
182;26
397;48
474;35
187;12
201;26
387;48
385;48
171;32
191;47
403;68
404;70
169;47
211;62
400;79
407;64
197;48
188;51
391;67
386;50
114;17
192;31
496;46
397;33
176;13
203;21
425;49
234;48
176;29
191;46
386;71
418;75
195;48
208;64
401;82
385;67
203;43
193;47
407;58
400;44
186;21
174;29
261;39
410;37
210;13
194;34
404;53
371;53
182;35
176;48
410;74
403;93
189;48
230;61
398;80
417;78
206;36
182;48
404;64
408;45
155;16
207;25
412;48
434;37
201;16
191;27
402;50
409;47
183;28
192;48
397;70
403;67
207;51
199;64
417;80
416;67
187;39
176;48
401;64
701;48
178;20
186;26
406;48
400;41
186;20
176;31
392;54
390;48
198;34
182;49
404;73
398;80
189;55
183;62
414;80
397;68
186;46
208;48
400;64
401;49
208;14
220;25
397;46
346;35
185;16
199;45
393;47
399;48
204;31
201;45
375;75
394;78
176;53
185;64
394;81
411;67
195;43
194;48
387;64
352;51
195;23
219;30
412;48
387;36
207;16
176;30
404;58
394;53
195;48
272;50
359;72
398;65
241;49
176;62
390;80
385;70
192;39
199;55
369;66
390;58
213;21
201;28
405;48
405;34
193;13
187;14
402;48
456;48
192;31
176;48
382;71
421;59
183;47
189;60
399;79
390;66
176;40
176;16
394;50
415;46
187;19
0;35
193;49
400;37
186;16
200;39
407;62
381;51
191;35
48;48
388;75
402;73
209;47
192;47
491;80
397;67
206;48
188;45
391;63
404;46
179;23
184;21
402;36
373;39
201;11
194;28
403;55
413;51
186;32
176;30
396;76
402;67
109;48
202;56
368;79
399;69
176;38
193;47
409;64
418;48
182;27
194;26
385;50
293;45
201;16
194;31
398;56
415;54
202;31
181;51
387;77
411;71
211;48
197;61
387;80
400;51
189;35
180;48
475;63
409;47
198;2
168;29
394;47
397;36
186;15
194;22
407;53
394;48
198;32
181;48
389;75
406;66
193;49
179;59
400;80
336;70
191;44
183;34
402;64
395;35
175;21
159;25
384;46
413;9
192;6
179;28
391;54
384;48
204;27
180;48
412;71
402;69
188;50
192;61
464;80
415;68
185;42
192;48
377;64
409;51
201;23
280;27
390;49
400;41
188;16
176;30
448;55
411;51
180;36
178;48
370;75
409;73
194;50
187;64
390;77
269;64
206;52
190;47
402;58
421;49
186;25
173;27
366;50
395;38
208;16
182;31
400;55
418;51
177;33
173;48
384;75
409;74
194;48
191;63
390;80
510;67
195;49
144;46
400;59
391;48
185;20
180;29
405;48
452;36
177;15
175;22
352;53
390;51
298;29
170;48
386;74
403;64
195;48
216;58
400;78
399;88
192;59
190;50
388;64
385;50
186;24
178;26
395;45
410;41
176;16
174;26
400;56
396;50
190;49
175;51
373;80
387;70
189;49
166;62
371;81
398;77
189;44
162;47
394;64
397;46
190;16
167;23
395;48
427;37
521;16
180;32
400;58
391;51
179;51
0;48
370;76
384;69
209;52
176;60
389;79
410;85
197;37
184;45
396;63
301;49
183;19
191;24
400;42
426;35
209;16
179;23
395;55
396;53
244;34
179;51
383;70
396;69
275;48
192;61
365;81
400;78
312;36
172;45
419;59
400;48
181;19
208;30
388;48
403;35
156;16
189;28
144;53
404;48
203;27
222;46
361;70
414;66
192;51
197;67
396;80
411;74
206;39
178;43
415;59
415;43
186;16
126;26
411;47
425;45
205;16
183;29
395;54
643;48
198;32
178;48
407;70
406;67
257;48
176;59
394;80
431;65
207;41
177;48
358;82
414;37
280;16
176;19
384;46
393;35
196;15
177;33
384;58
414;51
201;30
61;48
375;70
408;64
193;50
179;57
387;74
419;60
213;58
177;47
395;62
417;53
221;20
179;29
383;32
352;37
274;13
189;30
337;55
399;48
198;31
159;47
400;74
432;64
192;48
195;58
405;79
400;64
211;38
180;43
410;52
330;48
187;21
199;16
386;48
395;38
183;16
191;29
385;62
418;57
189;34
193;47
395;65
412;66
189;48
161;55
388;79
399;66
328;34
167;43
391;59
411;48
208;20
237;22
240;61
423;39
181;15
187;30
393;64
371;53
195;33
181;55
398;74
407;67
197;48
177;62
383;80
407;47
186;32
187;39
385;53
397;47
196;16
187;23
395;46
401;51
210;17
179;28
369;58
391;49
210;29
176;48
372;67
385;73
194;46
166;54
384;77
402;65
208;39
192;48
373;65
412;48
196;33
176;27
549;48
421;37
205;22
58;22
391;50
400;51
154;30
176;51
377;74
396;72
277;45
196;58
394;74
411;68
208;39
171;37
397;66
400;48
201;19
171;22
377;43
350;34
210;16
185;21
388;51
400;55
73;34
192;45
387;70
411;69
206;35
184;59
410;78
401;67
190;24
193;46
403;58
411;48
192;21
186;25
374;43
395;32
204;13
313;26
381;51
400;48
183;18
149;47
400;69
411;81
207;51
198;55
386;78
388;68
199;44
182;42
396;60
407;48
77;25
169;19
386;39
412;35
192;11
189;19
399;50
390;58
214;34
128;47
384;76
391;78
192;51
191;61
367;80
406;66
199;59
183;35
383;62
414;58
181;20
170;27
385;47
432;36
207;16
169;31
380;53
414;50
231;35
157;48
385;70
415;75
208;49
183;61
381;77
406;69
203;39
181;47
368;59
443;48
215;18
177;16
386;41
400;38
202;21
172;32
374;55
400;48
185;33
171;48
371;75
403;72
236;51
153;58
371;80
416;70
206;42
174;43
347;63
414;48
293;16
174;21
389;44
395;38
202;16
209;30
365;53
598;50
326;32
145;48
367;73
419;79
208;53
182;59
215;79
407;72
218;43
162;45
380;65
418;49
197;16
170;21
385;46
423;48
208;25
107;35
423;51
402;49
192;33
155;48
369;77
416;71
193;54
151;62
366;83
410;70
208;42
156;38
385;70
411;49
185;23
176;33
382;43
407;36
210;15
173;27
366;51
219;53
193;34
176;49
384;64
413;71
197;50
172;59
329;77
402;70
202;44
183;44
385;55
408;44
193;16
160;22
459;47
407;29
196;11
181;33
395;53
409;49
192;21
154;46
377;67
386;72
185;51
211;60
383;79
432;69
208;43
214;48
378;62
400;54
193;27
163;25
384;45
411;38
207;15
176;31
263;50
419;55
182;34
229;46
342;71
435;69
209;48
165;49
390;74
408;67
210;39
153;42
384;59
403;51
190;18
154;23
384;46
395;43
206;15
84;25
381;52
416;49
195;36
158;48
399;67
421;76
214;52
171;58
392;80
373;67
207;41
163;45
371;62
426;48
202;25
157;48
369;46
437;38
197;16
166;30
360;48
451;54
173;33
173;48
361;77
410;74
208;53
177;62
358;78
403;67
205;39
165;43
399;59
405;48
225;16
132;9
387;45
391;37
197;17
172;39
398;56
546;55
225;41
208;49
362;76
419;71
189;50
167;60
481;75
416;65
115;39
142;42
368;64
410;48
181;21
158;23
399;33
396;34
185;16
169;27
378;55
413;55
240;41
176;48
384;80
427;71
204;48
112;61
358;80
435;68
182;39
180;45
399;59
409;57
208;20
176;19
380;29
410;30
203;10
155;25
390;51
382;52
211;44
157;58
385;70
415;65
191;47
188;60
381;78
421;68
170;43
