350;210
326;193
285;110
257;70
208;54
167;52
197;59
219;64
269;64
326;67
377;66
407;65
462;66
486;65
547;65
580;65
546;54
495;48
449;47
407;45
378;43
321;41
288;42
240;39
211;48
173;43
195;54
247;64
272;65
338;67
368;67
410;66
446;65
499;66
531;64
576;69
528;57
482;48
452;46
422;41
385;41
346;39
281;41
245;42
192;45
176;46
209;55
240;62
285;65
327;67
364;66
387;64
444;66
496;70
528;64
585;64
563;57
519;48
448;45
423;47
377;44
331;43
302;45
243;40
203;45
176;46
199;55
231;61
277;66
317;67
373;69
424;65
449;66
493;64
549;64
575;64
557;57
507;48
485;48
411;42
368;43
318;42
288;45
251;48
219;47
190;48
187;53
230;60
272;61
322;66
387;64
413;65
442;63
489;64
528;64
583;63
551;53
505;48
442;48
407;44
377;37
337;37
304;38
253;41
201;42
178;47
197;54
218;60
278;65
315;64
356;67
413;69
444;64
496;62
538;67
575;65
555;57
519;48
449;47
415;46
368;43
349;42
304;46
261;46
208;46
189;45
205;54
234;64
283;64
311;66
359;64
415;66
457;64
487;66
537;65
572;65
560;53
493;48
473;47
448;39
395;38
347;43
295;46
246;40
219;46
170;45
195;55
243;64
272;65
309;64
358;65
432;64
457;63
491;61
515;66
576;69
560;57
509;48
474;48
432;46
375;41
324;42
304;45
244;48
240;46
169;48
192;52
221;64
289;64
318;65
368;67
422;69
448;67
480;64
545;66
580;64
557;61
507;48
439;43
425;41
389;42
327;43
288;47
269;48
226;48
151;47
197;51
230;59
283;64
308;66
338;68
400;67
435;64
494;64
524;64
581;64
552;53
516;50
435;46
442;45
387;44
336;44
297;43
247;47
236;45
199;48
195;51
230;64
275;66
336;64
346;69
412;64
422;69
472;65
528;64
571;64
560;59
509;49
469;45
414;42
397;45
343;43
311;46
246;48
210;47
190;47
199;49
223;59
279;66
313;65
337;64
416;64
445;64
490;61
531;64
575;64
562;62
511;48
461;47
418;43
375;43
359;42
304;44
258;46
226;47
201;48
193;58
239;64
276;64
325;63
367;64
400;64
451;65
476;65
524;64
580;62
576;63
523;50
471;48
432;45
384;43
334;39
315;47
285;48
218;46
190;49
176;55
240;62
260;64
313;67
340;64
400;68
448;65
507;64
518;62
561;64
560;57
532;50
480;48
432;43
370;41
347;42
310;45
256;46
211;48
165;48
202;52
198;61
274;64
315;62
363;64
384;64
438;61
467;64
539;64
577;63
570;61
533;51
461;48
437;48
377;47
336;48
309;42
268;41
237;47
176;48
197;54
212;66
275;67
316;71
358;66
400;70
442;67
464;64
517;64
560;64
565;62
527;54
479;48
403;43
386;42
357;48
320;46
272;43
240;48
181;48
192;52
228;61
264;64
321;64
354;70
384;67
432;65
465;67
522;61
559;64
567;59
528;51
478;50
432;48
401;48
337;45
304;42
275;43
229;48
186;45
181;53
206;60
264;63
325;67
336;66
363;64
432;64
454;62
506;63
555;64
560;55
503;48
482;48
418;47
394;41
370;43
318;48
284;46
235;49
203;47
168;54
227;57
260;64
304;65
332;64
375;64
419;63
466;63
510;64
567;64
560;63
528;50
489;47
432;41
396;43
363;48
307;47
254;48
230;48
162;46
171;48
218;60
265;64
304;64
330;64
388;64
428;66
469;66
534;63
570;64
576;61
519;51
474;48
439;46
374;48
345;48
317;43
267;47
240;46
240;46
178;48
224;61
278;64
297;64
336;64
400;64
435;65
475;64
499;64
562;64
579;59
528;50
486;48
437;45
397;44
364;43
324;44
271;47
239;44
197;48
165;51
215;60
257;64
300;64
354;67
385;64
430;61
462;64
498;61
546;64
578;58
519;49
479;48
437;45
383;44
355;42
300;43
268;43
226;46
185;48
172;50
222;60
253;64
277;60
342;64
384;64
413;67
483;64
525;63
560;64
566;61
538;49
491;48
445;46
408;47
347;40
321;47
273;47
236;48
165;48
157;48
213;58
243;64
316;66
336;64
373;63
432;61
470;62
528;63
559;63
576;62
511;49
497;48
460;46
395;46
354;42
313;41
283;43
253;45
192;48
167;49
247;64
250;62
313;68
349;63
365;60
419;64
443;63
509;64
560;64
567;61
532;53
494;48
446;47
385;46
368;45
309;45
284;45
236;44
199;47
179;48
218;55
240;62
300;65
330;64
371;62
407;62
463;58
519;59
526;64
579;59
529;53
497;48
448;48
403;45
368;46
323;43
271;48
240;48
187;48
153;48
212;62
250;64
299;64
341;64
386;64
406;64
464;64
501;62
553;63
579;62
529;51
491;48
444;48
403;48
351;46
327;46
285;48
197;48
194;48
183;48
201;61
259;66
304;64
336;64
391;63
435;64
463;59
496;61
539;63
595;62
537;52
489;48
454;45
393;45
368;46
317;45
275;43
256;46
221;48
163;51
191;64
249;64
283;64
326;64
378;64
414;65
457;63
499;61
560;62
594;64
537;54
502;50
448;48
426;48
373;48
322;48
299;50
262;47
195;47
163;48
225;55
226;60
290;61
331;64
353;65
400;63
451;64
483;59
529;62
579;63
537;58
525;49
447;46
393;43
367;46
323;47
287;45
224;44
182;48
146;51
210;59
256;64
273;64
337;67
371;64
421;63
433;63
490;59
539;64
573;64
547;54
495;49
464;47
411;45
379;46
334;43
273;47
249;48
189;46
176;48
183;57
256;62
291;66
338;64
370;64
421;62
451;64
492;64
540;63
592;63
560;51
490;47
439;48
426;48
383;48
336;45
306;43
239;47
207;47
178;48
195;55
210;64
275;64
332;67
347;64
432;61
432;61
495;61
539;63
571;60
544;52
490;48
437;46
415;43
353;42
336;46
293;48
256;48
197;48
154;48
208;57
258;59
282;61
320;66
372;63
403;63
448;64
481;64
525;64
575;64
567;50
510;48
448;48
402;47
366;48
334;48
303;48
226;49
210;48
159;50
177;61
262;61
272;63
329;63
368;63
398;63
447;62
496;63
545;64
578;64
547;50
498;48
453;45
432;41
375;45
333;45
287;47
243;48
208;48
149;48
210;59
221;64
289;63
298;64
351;65
393;61
446;61
500;58
499;59
581;62
544;57
496;48
448;47
407;45
375;45
351;46
301;46
258;47
210;50
161;48
200;61
250;64
272;60
311;64
363;64
387;55
437;64
483;63
533;59
561;64
559;51
505;48
458;48
397;46
366;47
320;47
278;48
244;48
225;48
179;50
192;62
229;60
266;63
318;64
368;63
414;62
466;58
499;63
544;61
560;63
546;55
517;48
464;47
413;44
368;43
336;48
302;48
249;46
194;49
161;49
181;54
215;63
273;64
320;64
371;66
406;65
442;64
483;59
525;59
565;62
544;57
518;48
462;48
416;44
373;48
325;48
309;46
249;48
206;50
170;50
203;62
240;62
279;65
316;64
368;62
408;61
459;59
480;59
554;63
577;58
540;51
496;49
458;48
417;45
369;48
343;48
320;45
256;48
207;48
181;49
185;58
248;64
270;63
319;63
352;63
406;62
432;59
474;61
546;60
559;64
548;54
519;51
453;49
407;44
392;46
346;44
317;48
267;50
230;48
159;50
187;58
224;64
275;59
318;55
347;55
400;57
458;62
478;64
522;61
559;59
558;53
503;49
457;48
432;48
374;48
332;48
293;48
254;48
225;48
160;48
192;55
242;60
267;60
320;61
370;61
386;60
442;59
496;61
528;61
561;62
545;53
520;48
485;48
436;48
387;48
354;48
305;48
259;48
193;48
202;48
186;50
238;58
256;63
318;63
352;60
385;59
432;57
477;61
528;58
566;59
570;58
518;46
481;44
429;45
369;41
336;43
319;46
251;48
229;48
187;44
177;53
227;55
277;60
317;64
362;65
384;63
448;64
494;61
507;58
572;58
566;53
526;49
465;46
421;48
399;48
369;48
304;48
256;49
238;48
179;48
173;57
230;58
272;58
304;65
335;62
388;61
445;54
487;57
502;59
541;58
560;55
523;49
474;49
407;48
393;44
353;47
315;46
257;43
240;48
187;48
169;55
223;58
272;64
317;64
368;65
398;62
427;59
499;63
528;58
576;61
547;58
521;51
448;48
445;48
391;48
344;48
297;48
272;49
230;49
178;51
176;59
236;63
282;63
305;64
338;63
401;62
451;62
467;64
503;64
544;64
567;59
528;54
454;48
450;50
375;46
344;48
325;48
277;48
235;47
179;48
173;57
224;60
258;61
303;61
349;63
384;61
415;63
464;62
507;59
573;59
572;52
531;48
462;48
433;45
399;48
343;47
302;48
261;48
238;48
198;49
178;55
202;62
244;64
315;64
339;64
382;61
410;59
474;54
522;59
562;59
581;52
543;49
466;48
429;47
404;48
352;45
309;48
274;51
228;48
195;53
207;59
219;62
260;64
299;60
342;64
362;64
413;63
471;54
525;59
573;57
561;54
527;48
496;48
422;48
422;48
342;48
317;47
272;47
250;50
192;48
181;49
228;55
245;58
311;61
344;61
370;57
415;58
450;54
495;55
560;54
560;55
518;47
485;48
437;48
400;46
371;48
323;48
253;48
228;47
212;48
159;50
213;51
265;58
283;58
357;63
390;53
433;55
479;50
518;56
565;54
580;50
545;50
496;48
447;48
390;48
365;46
295;52
298;47
227;49
191;49
165;52
226;58
247;62
286;57
339;62
390;60
439;58
471;54
495;57
532;55
565;48
542;48
492;48
444;43
390;42
365;44
336;45
270;43
240;47
189;46
182;52
222;55
251;54
305;61
342;62
322;55
411;55
429;58
518;59
559;55
576;51
535;51
507;48
446;49
402;48
351;48
345;48
278;49
249;48
194;48
187;52
202;58
249;64
301;61
355;61
375;55
444;57
464;54
490;59
540;57
586;54
546;50
475;49
443;48
413;48
374;53
307;51
287;47
246;50
199;48
167;55
213;62
256;61
294;60
336;64
359;62
410;64
432;60
503;59
531;62
565;63
533;51
482;55
439;48
399;48
386;48
304;46
285;48
240;49
207;48
149;52
228;60
243;60
301;59
341;63
375;58
429;57
458;61
492;63
537;58
577;59
531;55
466;48
466;48
385;48
338;51
317;54
299;51
237;52
191;50
178;55
231;60
243;51
277;69
339;61
388;64
425;59
454;61
499;57
542;59
576;59
545;50
498;48
453;48
405;48
371;49
336;48
290;49
240;48
199;49
173;53
219;64
253;61
287;66
329;64
375;61
432;61
433;60
497;57
541;55
609;55
542;53
483;47
459;48
433;49
384;48
336;48
295;52
213;48
189;51
155;49
193;59
267;57
287;55
333;58
394;63
384;62
453;58
529;58
543;60
562;60
560;51
496;48
443;51
425;46
379;48
325;53
279;48
258;48
208;49
156;48
208;59
236;55
286;60
337;58
378;64
417;59
446;55
499;58
544;60
559;56
524;49
485;47
469;48
427;48
382;48
322;46
279;51
239;54
214;52
165;54
208;61
254;63
275;64
349;60
353;58
432;58
460;60
490;58
544;59
578;57
530;54
494;47
432;50
343;48
371;47
333;49
304;51
241;50
209;52
177;50
199;58
222;60
275;63
285;59
368;58
399;54
448;54
511;61
547;59
569;63
551;49
495;48
453;48
502;47
363;49
333;48
279;48
256;48
202;50
144;48
213;56
247;55
284;55
307;59
366;48
385;57
461;51
499;49
560;59
586;59
551;58
519;48
448;48
429;47
384;50
334;48
259;51
241;48
208;50
176;52
193;55
178;61
285;49
304;59
363;58
403;55
436;59
476;64
534;64
581;57
547;50
496;50
459;50
438;48
365;48
335;48
311;48
301;49
213;43
174;48
181;55
249;60
269;61
329;59
351;59
414;56
449;59
491;57
539;62
579;58
549;55
510;48
480;49
392;48
376;50
331;51
302;48
245;51
221;50
107;49
213;58
225;51
295;58
320;55
365;58
389;53
447;58
489;57
556;58
585;61
544;53
510;48
467;48
434;47
368;48
323;49
280;54
240;49
206;49
182;48
201;54
239;61
252;63
318;55
384;55
416;54
457;50
474;55
559;54
576;58
539;49
499;49
464;47
416;48
385;48
345;48
308;50
281;49
214;50
174;50
192;57
240;57
275;55
318;57
362;61
394;60
451;51
502;57
542;54
562;58
560;50
517;47
477;46
421;48
369;49
336;48
289;51
272;50
221;48
176;50
200;54
221;61
263;60
320;58
363;57
415;58
437;58
483;56
531;54
568;57
543;51
494;52
464;48
409;53
365;48
340;48
302;45
254;48
207;52
172;48
202;53
236;55
272;51
319;53
368;52
399;56
438;54
481;57
521;61
561;53
565;50
499;51
464;50
436;48
374;48
362;50
303;49
260;48
211;49
205;48
194;53
225;53
284;51
319;58
368;59
390;53
441;50
496;55
537;50
563;59
527;51
492;45
439;45
432;45
384;44
336;47
297;48
263;49
239;50
178;53
181;52
224;57
256;56
312;59
346;59
398;54
445;55
478;55
526;58
576;59
574;54
511;51
468;48
416;48
387;48
347;48
297;48
273;51
239;49
185;55
185;59
208;59
261;61
307;60
364;55
398;55
435;57
470;61
485;57
571;55
563;50
528;50
473;47
431;45
401;48
359;48
314;50
271;51
222;51
183;54
176;61
203;59
268;59
319;57
347;55
404;57
439;57
459;55
506;55
557;55
574;52
510;52
467;49
446;50
370;50
343;49
310;53
273;53
231;50
193;51
176;55
229;52
253;59
298;54
340;53
391;51
426;51
486;52
540;50
556;51
560;51
546;49
481;49
439;50
396;50
352;49
281;53
272;51
206;49
178;50
179;54
238;60
258;59
302;61
336;57
399;59
438;58
496;61
525;54
554;54
576;50
534;50
464;49
433;48
380;49
350;51
336;52
267;51
224;55
177;52
218;54
225;58
240;59
318;58
342;56
391;58
433;57
471;55
496;56
560;57
558;52
530;50
481;50
423;49
406;51
363;50
298;54
272;55
235;53
176;53
177;55
214;58
272;58
307;61
336;59
385;58
419;54
471;57
528;61
559;54
576;54
529;50
464;52
435;48
398;49
347;47
306;51
257;56
221;55
181;61
192;57
211;59
275;60
311;62
337;61
394;58
445;55
484;55
518;61
561;55
559;53
528;51
509;49
434;48
400;54
351;53
304;53
275;50
242;55
178;54
163;56
222;58
272;54
290;59
361;59
387;59
423;55
461;60
506;54
565;55
592;58
534;53
496;49
439;55
403;49
363;54
317;48
273;49
229;49
194;52
171;59
218;58
260;59
309;57
334;55
366;55
416;53
482;55
531;53
563;52
576;54
529;51
483;48
450;50
395;48
342;49
309;50
272;51
239;51
175;55
164;54
217;55
256;60
295;57
345;57
373;56
429;55
479;55
497;55
546;53
562;53
527;48
481;48
454;48
418;50
354;49
304;50
286;52
233;52
188;53
167;53
233;57
266;57
289;59
339;53
389;58
434;54
459;54
491;53
550;51
592;54
528;56
470;48
451;54
413;50
365;49
304;51
277;49
226;50
203;54
185;53
206;51
266;50
298;58
332;53
359;57
432;53
482;58
510;57
548;58
583;58
543;50
480;54
436;49
395;51
358;51
304;48
281;53
233;53
183;50
170;59
222;60
256;62
293;63
343;64
375;58
430;54
459;55
500;57
566;57
561;58
525;51
502;50
435;51
397;51
355;54
318;54
300;52
240;51
207;58
175;54
229;61
241;58
282;56
321;56
387;52
415;55
466;51
501;55
553;55
566;58
528;56
491;50
448;52
394;51
379;58
318;57
294;55
240;52
202;55
171;53
204;53
249;62
283;58
336;57
372;53
417;48
449;49
519;53
519;55
576;52
548;51
486;49
450;53
409;50
368;52
333;55
289;52
227;54
206;51
153;53
198;60
256;61
281;58
319;59
391;53
426;57
473;57
516;51
539;55
578;57
516;51
491;49
433;48
406;49
361;48
304;51
299;51
231;51
225;51
159;51
213;55
263;58
279;54
320;57
364;54
406;54
455;50
496;53
553;53
560;53
521;49
506;49
461;49
419;48
368;48
331;50
266;54
261;54
205;53
175;53
212;55
260;62
303;59
326;55
373;54
426;51
465;53
496;58
528;54
577;58
528;55
501;49
446;53
408;49
375;51
331;50
295;50
245;51
199;50
177;49
189;54
236;58
286;56
324;53
378;53
398;51
473;55
498;52
511;56
576;59
542;57
478;48
443;52
417;54
370;55
323;53
297;52
249;53
209;56
162;49
196;55
252;53
284;54
320;55
373;53
390;54
437;50
496;54
530;53
585;53
539;50
499;51
454;54
400;50
379;53
326;54
286;51
249;53
237;54
159;52
203;53
252;55
273;52
333;49
355;48
398;48
432;49
481;51
562;51
576;57
543;51
503;53
464;51
412;49
351;50
333;56
304;53
242;54
209;53
167;48
183;49
254;55
287;51
336;48
358;53
413;51
432;54
482;53
534;55
572;60
537;58
494;48
460;54
414;49
374;52
325;55
298;51
251;55
207;57
162;50
220;55
256;55
291;55
311;58
384;56
420;51
463;51
490;54
528;56
583;57
547;54
496;49
445;54
421;53
364;52
336;59
277;55
255;55
211;53
174;50
211;53
251;55
289;58
327;54
381;49
422;51
451;54
468;55
549;54
560;58
559;54
501;48
464;54
422;51
365;53
341;54
291;55
256;53
208;51
171;52
209;55
245;54
263;51
326;56
368;49
405;49
451;49
479;52
518;53
585;58
551;53
501;54
435;54
432;51
378;58
348;54
301;51
246;55
210;61
176;57
192;57
249;57
282;54
317;54
375;53
403;48
454;49
497;54
528;51
563;58
554;54
487;54
464;53
418;54
373;53
334;59
291;53
253;54
214;57
175;53
185;55
245;54
285;54
325;53
369;54
415;53
430;55
496;50
519;54
584;54
553;58
496;54
474;57
425;50
398;55
345;58
306;55
268;59
221;56
169;52
192;54
222;58
270;58
336;51
365;51
391;52
442;55
492;50
526;55
563;57
546;56
501;54
445;53
427;50
378;51
342;53
305;55
257;53
212;52
175;49
181;48
226;52
272;50
329;53
361;55
399;55
442;51
496;48
487;52
566;55
541;53
519;54
480;39
412;52
385;53
353;51
315;55
261;50
214;53
176;48
182;53
240;54
272;49
329;50
368;51
400;53
453;52
481;51
539;53
560;53
544;52
528;51
444;52
439;55
374;58
343;55
293;54
259;58
221;52
179;48
180;48
225;53
275;53
321;53
352;52
398;50
422;52
478;49
529;49
550;50
563;52
502;54
437;57
432;53
384;43
356;53
309;55
320;49
216;57
163;49
173;58
228;55
270;50
305;53
347;51
400;55
429;46
477;51
528;57
592;55
559;59
502;55
479;57
411;53
378;58
353;54
298;54
263;55
218;57
171;49
187;51
237;51
289;53
319;51
357;51
387;48
432;49
475;49
521;50
569;51
583;55
530;51
478;50
413;55
386;59
355;60
310;54
269;52
235;53
192;48
192;52
236;51
264;48
322;57
358;49
399;51
433;48
494;52
521;52
554;53
558;50
522;52
469;52
432;54
388;55
346;60
301;55
269;53
236;54
176;53
176;51
229;51
256;53
318;53
357;54
395;54
439;52
503;53
529;52
550;51
559;59
497;51
483;52
414;60
404;55
343;55
289;51
285;60
240;54
194;55
181;49
237;52
275;52
318;54
343;48
388;49
445;50
473;52
496;50
543;53
544;53
523;54
466;59
430;59
399;58
339;59
305;39
246;49
228;53
180;50
181;51
212;51
272;50
304;51
336;54
382;48
446;49
495;50
521;45
560;51
575;59
520;55
467;54
443;53
374;54
352;55
316;57
277;54
237;60
196;50
183;48
231;53
265;58
304;54
349;51
367;48
433;49
469;48
507;50
565;54
572;61
517;55
464;60
439;51
405;61
352;54
305;57
257;51
235;53
182;50
206;52
198;49
249;52
303;49
351;51
384;48
435;48
461;49
522;49
561;53
574;55
547;55
471;53
432;54
400;53
368;55
322;54
275;53
224;55
177;52
176;54
208;54
272;51
288;48
336;48
393;49
420;48
461;49
522;51
567;57
577;60
523;55
486;55
448;54
400;57
359;52
315;54
275;51
229;51
193;51
192;50
204;55
253;55
310;54
342;52
384;50
415;49
449;48
503;49
535;64
560;63
527;55
474;59
448;58
413;59
348;57
312;59
259;52
240;64
191;53
156;54
218;55
269;54
304;55
341;53
394;48
432;50
455;48
520;51
544;56
575;58
528;57
488;54
435;53
432;55
369;57
330;54
281;53
241;53
202;54
173;48
220;57
273;51
307;53
317;48
381;48
407;48
466;45
506;50
545;58
556;57
533;54
496;57
437;58
409;62
357;60
337;62
289;59
246;51
203;58
170;51
207;58
256;51
291;52
343;51
387;54
414;52
471;53
528;50
550;53
566;59
547;59
495;55
449;55
400;59
358;61
319;61
303;63
256;62
198;57
170;52
207;51
251;50
311;51
321;53
370;53
437;48
461;49
496;50
576;57
574;61
523;58
477;53
448;52
415;59
366;55
315;58
285;59
237;53
208;60
166;51
220;57
261;51
295;54
334;49
385;50
416;52
466;50
506;50
550;59
582;62
543;55
496;55
451;60
400;59
370;60
337;59
287;61
243;57
198;55
193;49
219;52
251;51
291;51
336;48
382;48
400;51
450;50
496;49
561;55
583;59
551;55
492;57
453;52
425;57
374;61
336;61
282;59
251;55
209;53
162;48
211;49
274;54
288;51
335;53
368;57
389;50
446;51
508;53
539;59
593;59
550;58
495;60
454;60
411;58
384;59
325;58
277;60
240;61
211;57
163;53
197;55
240;57
272;52
345;48
371;48
406;48
469;48
505;50
560;55
577;60
561;60
497;58
475;59
421;58
372;53
320;52
286;58
256;60
213;54
172;48
219;54
249;52
298;50
330;49
355;48
403;48
461;45
474;48
539;53
592;59
529;58
496;55
462;59
401;61
359;61
315;57
296;55
249;55
214;51
171;49
195;51
225;49
283;51
306;53
367;48
416;50
455;49
495;51
528;57
576;59
528;59
504;61
459;59
401;60
368;61
322;62
294;59
269;59
223;54
149;50
202;55
254;56
294;55
334;49
368;48
400;49
451;48
494;48
537;49
563;59
535;61
481;61
467;60
430;63
400;64
330;62
289;59
259;58
229;55
181;48
190;54
260;53
282;49
298;49
377;48
399;48
442;48
491;50
545;50
587;64
561;59
507;57
464;55
419;56
363;61
333;62
290;60
236;61
208;55
173;48
199;59
240;58
295;53
317;50
362;49
410;49
460;50
482;51
534;59
569;62
544;59
486;61
445;57
410;56
364;58
352;61
291;59
258;60
218;54
193;49
193;52
242;51
291;51
318;49
341;49
395;49
464;49
489;49
539;56
558;61
571;60
496;59
443;59
413;61
367;62
334;55
286;51
278;59
217;53
190;48
189;52
251;49
260;50
331;48
357;49
416;48
448;48
496;50
529;53
581;62
544;55
511;54
474;53
429;62
394;59
352;60
275;62
253;60
213;55
170;48
205;49
238;49
298;51
318;49
357;49
411;49
437;48
482;48
526;52
588;58
560;61
495;64
464;62
426;59
386;62
349;59
299;61
242;61
231;53
176;50
195;51
214;52
283;48
336;49
365;50
415;48
443;48
496;48
534;54
571;62
537;57
509;53
458;52
424;54
383;59
336;61
286;64
254;55
195;55
170;48
181;52
231;53
279;52
331;48
353;48
397;48
431;48
481;47
534;53
560;60
551;55
499;61
448;57
429;60
375;62
354;60
319;57
259;54
227;54
175;50
183;51
236;54
270;54
317;54
349;49
377;50
449;48
474;50
532;50
573;62
560;59
511;63
459;60
436;59
383;63
336;64
326;58
254;64
216;59
175;50
183;49
207;49
285;48
311;49
368;49
383;48
448;48
464;49
502;49
574;59
536;61
532;64
463;59
438;64
375;61
340;64
310;61
251;62
227;59
173;48
198;49
258;53
273;54
308;49
338;48
399;48
443;48
473;51
518;53
577;60
560;62
469;63
464;55
428;62
369;58
340;59
335;59
246;59
213;55
173;50
188;48
218;49
263;48
320;48
336;47
401;47
452;48
497;48
497;55
573;57
558;58
541;54
471;54
446;64
389;64
343;60
302;59
269;59
229;59
165;51
183;49
248;48
255;51
313;48
336;48
407;47
434;48
464;49
524;57
565;63
555;58
511;61
464;59
430;64
387;64
347;64
307;66
271;63
237;57
179;51
192;48
237;48
288;48
320;49
347;48
383;48
438;50
481;48
522;51
556;59
549;62
527;59
486;61
445;57
371;61
348;61
302;62
278;59
228;59
192;54
186;54
211;52
272;51
302;50
336;48
375;49
442;47
478;49
505;56
567;62
579;64
511;61
464;60
420;60
377;64
354;61
294;61
276;60
208;59
195;51
177;55
242;52
272;49
297;49
354;48
372;48
420;48
470;49
531;55
549;59
571;61
528;59
478;59
450;64
387;63
362;58
322;62
261;57
225;54
182;48
163;52
223;48
272;48
310;49
353;48
421;48
447;48
485;49
511;48
556;57
582;57
545;53
476;54
419;59
395;57
349;61
313;59
272;59
223;57
192;53
178;48
225;48
272;49
290;48
336;47
396;48
435;48
469;48
496;51
558;53
563;59
517;58
464;61
440;61
404;60
357;61
327;58
275;58
229;54
188;51
204;50
219;49
275;48
309;51
342;48
387;48
421;48
464;49
509;53
558;59
575;63
503;61
469;63
425;64
399;62
359;63
315;61
275;64
225;61
178;54
199;52
215;49
272;48
291;50
341;47
389;48
432;48
464;48
528;54
562;61
569;59
522;59
467;59
458;59
421;64
369;63
305;64
266;61
224;58
192;49
193;51
219;51
267;49
302;50
333;48
371;49
430;47
464;48
501;48
548;59
551;60
518;63
491;62
442;64
390;63
322;64
313;59
266;61
249;54
177;49
185;54
235;51
259;49
291;51
363;48
382;49
432;46
465;48
497;53
544;61
557;63
542;62
490;61
439;60
390;64
350;62
321;61
291;62
238;55
197;53
161;48
227;48
257;48
282;48
337;45
381;45
407;48
469;48
484;49
550;57
578;61
528;61
496;62
445;63
394;62
359;63
315;62
279;64
229;57
202;48
184;46
227;50
256;49
293;48
321;48
378;48
419;48
463;48
500;50
539;58
570;63
529;64
475;59
447;61
387;62
363;64
326;62
272;62
234;55
208;49
177;49
202;49
247;48
304;48
346;48
375;48
422;48
477;47
507;54
559;60
579;64
544;63
491;63
446;60
410;59
372;62
327;58
289;58
235;54
193;48
157;48
213;50
239;48
300;48
330;48
358;47
409;48
464;48
503;50
538;59
587;64
502;60
499;60
458;60
414;63
381;64
344;64
279;60
261;58
192;51
178;48
208;50
242;50
298;48
341;47
384;48
413;48
452;48
504;51
553;59
576;65
525;64
482;63
458;59
407;57
368;62
313;62
254;58
227;56
226;48
158;47
192;48
256;48
285;46
342;46
370;47
411;49
484;48
496;53
561;54
587;61
534;62
501;64
437;64
405;64
371;60
320;64
277;64
237;60
198;51
178;48
202;48
245;48
298;46
339;44
384;48
402;46
444;48
495;59
560;57
585;58
535;61
497;59
460;59
409;59
347;58
297;63
288;62
271;58
219;52
155;52
200;48
247;48
292;44
327;47
352;48
403;48
454;48
507;49
540;58
604;61
537;64
497;61
462;65
406;63
374;64
343;64
302;64
258;59
221;51
155;47
213;48
206;48
298;48
336;47
365;47
400;42
447;48
506;50
554;50
577;51
559;59
474;58
474;60
419;57
371;64
324;64
294;64
229;54
190;53
167;48
208;48
256;45
290;48
338;48
377;45
405;43
448;43
497;51
528;59
595;63
539;61
487;61
464;64
435;62
377;61
324;59
288;63
242;58
208;51
173;47
208;48
254;45
291;46
339;46
362;42
411;48
467;47
500;48
561;56
545;62
528;60
491;55
441;59
401;65
386;64
336;61
295;61
251;55
198;49
176;47
200;48
240;50
277;48
313;45
355;48
406;47
439;47
494;49
537;53
569;61
547;59
491;62
462;60
432;62
368;64
321;60
313;64
227;58
210;53
162;49
199;50
239;45
270;47
314;43
374;45
414;47
439;42
485;49
511;53
579;64
570;61
511;63
459;69
423;64
368;50
308;60
283;58
256;57
215;53
178;48
206;51
240;50
293;48
336;47
369;48
390;45
464;46
485;49
539;58
562;64
556;62
505;59
467;64
417;64
379;64
349;61
315;66
247;62
218;57
145;46
208;48
244;48
298;48
323;48
335;46
403;46
438;48
494;54
525;59
589;63
528;64
499;65
479;63
438;63
379;64
339;64
298;59
271;59
208;53
155;48
192;47
240;45
274;44
320;48
358;48
390;45
452;48
478;45
528;54
555;57
549;62
527;64
453;65
429;64
369;64
345;63
278;65
240;57
227;48
173;50
198;43
239;45
272;45
322;39
356;42
411;42
437;41
489;48
526;51
570;64
552;62
499;61
464;62
421;62
403;64
339;64
297;63
272;63
215;50
176;45
205;47
206;48
279;46
313;45
359;45
401;48
432;46
477;48
499;53
566;62
560;64
507;64
485;64
439;64
382;63
325;65
304;63
269;62
225;48
185;47
187;43
248;48
297;48
329;48
369;44
387;41
431;46
489;49
528;49
548;64
560;60
505;64
485;64
435;64
386;64
347;63
294;64
254;63
229;51
176;48
179;47
232;48
272;48
319;47
362;45
379;45
425;45
482;48
526;50
576;61
569;64
494;64
461;62
426;64
401;62
361;63
289;64
279;53
221;51
197;48
177;48
225;47
272;45
314;44
353;45
399;44
445;45
482;49
519;51
566;64
544;64
495;63
462;64
415;64
379;63
345;62
325;62
272;61
240;49
176;47
188;42
210;42
270;45
306;43
384;42
384;45
433;45
505;48
517;50
568;59
558;64
507;64
462;64
406;61
400;61
341;63
299;61
269;55
235;48
180;45
176;48
235;45
252;45
299;45
351;45
394;41
431;44
464;48
541;51
555;63
546;67
521;66
469;65
412;67
400;63
340;65
316;65
242;59
207;55
176;47
163;48
238;46
272;46
301;48
358;46
400;45
414;47
463;51
509;57
555;63
549;64
507;61
470;64
448;67
378;65
362;62
313;64
256;54
231;49
197;49
177;47
223;47
261;44
295;46
350;43
396;45
396;48
473;50
517;55
560;64
550;62
536;64
483;64
434;65
406;64
334;65
302;64
275;63
229;56
189;48
174;47
216;48
271;48
300;47
331;47
411;43
427;48
459;51
522;57
560;66
560;67
523;63
471;61
432;61
400;63
349;64
309;64
272;60
231;50
189;48
201;44
223;48
262;45
304;42
341;45
368;45
421;48
464;48
505;53
555;57
557;63
529;66
464;65
437;64
395;65
362;63
318;62
273;62
208;53
190;48
161;45
219;48
256;44
310;46
351;48
387;46
419;47
448;48
520;54
559;64
591;64
528;64
467;64
439;64
403;65
348;61
327;62
261;61
256;53
212;49
173;43
229;44
271;44
291;47
345;46
373;39
419;47
478;48
500;51
560;64
560;64
528;64
470;65
432;64
412;64
351;62
304;64
275;64
231;53
190;48
167;48
215;44
241;47
301;45
338;46
395;45
432;48
466;48
498;53
568;62
578;64
542;62
473;64
438;65
386;67
361;66
330;67
258;62
229;51
172;48
161;48
216;48
263;47
304;45
329;46
373;46
415;48
448;48
505;51
555;60
560;64
545;63
461;63
432;69
401;63
353;62
326;62
272;61
243;49
208;45
191;42
225;42
237;45
279;42
354;41
382;39
433;43
469;48
523;51
560;65
577;67
522;69
483;67
450;71
373;66
356;67
341;64
256;64
234;56
192;48
176;46
213;48
256;42
315;42
342;48
390;45
437;46
457;48
511;55
542;57
576;64
531;64
479;66
450;64
400;64
347;65
333;64
279;63
240;53
206;47
179;43
209;43
251;43
290;39
319;42
390;45
421;45
467;48
496;58
545;63
580;66
538;65
491;69
451;65
385;65
358;65
315;64
298;59
240;55
206;48
177;46
211;45
240;47
289;45
342;45
378;46
419;47
463;48
496;52
532;64
567;64
545;64
506;64
443;61
434;65
339;64
304;64
273;61
239;52
198;48
176;48
208;45
261;48
298;42
347;46
385;47
412;44
470;49
496;52
548;64
567;67
528;69
499;67
430;64
397;64
373;65
319;65
277;60
243;54
198;48
176;42
170;43
271;43
293;39
322;41
368;42
432;43
464;48
483;53
555;59
577;65
524;66
490;69
461;68
417;66
367;67
338;64
283;64
246;59
195;49
171;45
207;45
266;45
314;43
320;43
373;41
400;43
457;47
511;51
529;64
595;69
547;64
485;63
449;64
400;64
362;64
315;64
295;61
240;49
185;43
155;42
201;41
258;42
281;38
330;41
379;41
422;41
457;48
507;51
546;60
579;65
539;66
496;65
441;64
419;66
369;65
348;67
288;64
256;55
210;49
167;45
206;46
240;47
289;45
333;46
380;39
414;47
443;48
492;56
523;64
570;66
530;66
487;66
463;67
404;65
367;66
335;65
298;64
257;57
208;48
148;43
208;45
270;45
289;43
323;45
379;44
405;43
448;48
496;51
528;60
576;67
533;67
496;65
467;64
416;64
355;64
325;62
290;61
253;55
226;48
176;37
214;47
267;40
284;41
335;42
378;46
391;46
460;48
509;48
529;58
568;69
530;65
494;64
469;65
415;64
362;64
343;63
304;55
226;53
207;48
146;41
192;43
249;40
272;43
322;37
361;41
410;41
460;46
523;50
531;59
577;66
537;66
524;68
450;75
423;72
371;69
341;65
277;60
256;52
197;49
181;39
191;45
240;42
281;41
320;42
371;39
420;41
464;46
480;51
507;62
578;71
523;70
496;70
470;67
395;65
377;63
334;66
294;62
252;53
208;48
169;42
192;46
260;46
283;48
308;41
367;41
400;43
464;48
483;58
533;62
591;67
554;69
526;65
451;65
426;64
384;64
347;66
302;62
240;59
213;48
170;42
208;44
241;42
277;42
322;42
367;42
400;42
443;47
494;48
535;55
567;64
547;66
496;65
455;65
422;64
386;66
355;67
301;63
267;54
207;49
203;42
189;45
262;43
263;43
322;37
363;38
407;43
439;47
471;48
525;58
560;65
542;66
502;67
464;64
400;64
386;68
368;69
317;62
265;55
215;51
176;46
210;43
235;46
261;43
311;44
368;43
398;44
451;48
479;50
538;59
576;65
558;70
518;70
466;67
402;65
372;67
335;66
299;63
272;53
211;43
187;42
210;46
256;44
263;40
330;43
373;43
389;46
439;48
477;52
523;64
583;69
534;68
528;65
471;70
434;67
390;65
331;70
315;60
258;60
223;54
208;46
192;44
224;42
277;42
320;40
381;43
392;45
427;48
506;53
523;57
576;64
575;67
510;65
475;69
429;66
387;68
347;70
302;62
254;58
218;50
176;46
196;45
235;46
266;43
310;47
363;43
405;43
449;48
496;53
526;59
571;71
555;71
494;71
469;69
438;64
391;64
340;64
295;60
262;55
235;49
169;43
165;45
243;45
272;42
318;44
359;39
387;43
429;47
486;52
522;59
567;65
565;70
517;74
476;71
434;69
400;69
337;67
285;62
272;59
226;51
187;43
180;42
221;38
272;42
326;39
339;39
400;41
439;43
469;48
531;61
561;67
562;67
518;65
449;64
442;65
384;70
341;66
304;64
261;58
218;51
173;45
180;46
231;43
266;37
320;35
352;41
395;41
448;45
460;48
521;58
560;66
542;66
518;64
469;69
421;69
378;70
329;65
290;61
256;55
231;47
207;46
191;41
237;41
280;39
308;39
353;37
386;39
432;43
474;50
534;50
565;64
559;66
501;69
460;70
423;65
410;65
374;66
283;64
272;58
240;50
179;48
179;43
220;42
253;38
320;42
353;37
384;37
422;48
464;53
522;59
558;64
563;70
526;69
469;70
420;68
389;74
366;66
304;64
270;59
231;51
186;42
177;42
240;43
272;38
314;41
353;34
393;39
419;43
478;51
511;54
561;69
579;69
505;66
464;69
432;68
384;70
345;68
286;62
257;53
233;50
195;45
161;45
234;43
256;38
314;42
346;43
386;41
431;48
471;51
509;62
574;64
571;77
526;67
479;67
434;65
396;69
349;64
314;64
272;59
241;48
186;46
172;37
224;38
272;34
305;37
365;35
391;41
433;43
486;48
496;59
552;64
569;67
507;69
471;70
435;74
390;69
384;64
313;61
272;58
241;50
192;48
190;46
226;44
274;38
297;35
341;43
368;47
418;47
475;48
503;57
547;79
565;66
527;65
480;71
445;74
400;71
364;67
304;62
285;53
243;48
246;47
185;42
222;37
262;39
294;44
336;36
371;41
400;47
483;49
491;53
550;65
560;68
537;80
476;70
445;71
403;69
373;65
315;67
285;64
240;48
207;43
175;36
206;41
265;39
285;39
343;42
394;48
418;39
463;49
518;62
547;65
599;69
543;67
485;67
445;67
391;68
345;65
305;62
265;59
256;60
192;42
173;38
224;42
261;42
303;39
353;38
373;38
410;47
459;50
503;53
532;64
589;63
532;74
494;68
438;71
381;71
377;66
318;64
279;57
231;53
211;41
171;41
218;42
263;41
305;35
331;37
411;38
422;43
464;48
496;52
544;66
562;71
519;68
497;68
447;67
371;68
367;68
336;64
279;53
265;49
186;45
183;37
208;34
257;40
303;39
350;42
365;41
409;43
451;51
502;60
533;66
593;71
530;66
490;67
439;73
402;65
369;65
327;64
225;55
240;57
199;43
164;37
210;41
257;39
299;36
342;39
363;42
415;41
433;49
499;64
560;64
597;69
543;67
494;68
448;70
399;71
355;70
321;64
262;59
240;52
186;46
176;40
199;35
249;36
286;38
327;39
379;39
420;48
448;51
496;55
543;64
576;70
528;70
476;69
458;71
417;75
363;69
320;64
291;57
244;49
219;47
189;39
234;38
246;41
293;35
335;37
400;38
407;47
448;49
496;55
533;64
576;74
575;69
480;72
449;67
410;74
369;70
338;64
295;59
235;53
186;44
169;45
207;39
236;36
300;37
324;37
378;41
419;44
464;48
501;59
555;69
589;75
544;75
490;71
434;66
395;69
338;69
330;63
293;54
251;53
199;42
169;39
227;36
256;36
281;35
336;38
370;34
414;47
451;50
507;53
550;62
576;73
533;67
497;73
454;77
407;70
364;72
330;66
316;59
244;50
207;43
160;41
198;39
248;37
290;36
320;43
386;39
403;43
469;49
500;55
540;64
589;76
545;73
490;74
465;67
417;73
372;70
335;64
303;55
249;48
218;41
173;36
193;36
235;39
279;38
336;36
368;41
419;45
463;50
489;57
540;64
573;75
546;71
501;68
459;65
419;67
372;70
316;65
283;58
241;49
217;46
173;35
193;37
240;37
289;42
325;34
368;42
407;43
432;50
477;54
531;65
581;74
549;74
485;66
455;64
407;64
353;70
339;62
307;63
224;52
205;46
171;35
208;38
254;35
276;37
375;33
370;38
422;44
447;49
493;53
546;69
561;74
557;74
507;74
461;73
406;71
379;72
365;64
275;58
240;48
208;42
186;37
189;34
249;34
259;38
325;41
368;35
426;41
445;48
497;58
528;63
590;73
533;70
485;69
434;73
417;72
379;70
331;64
298;60
235;53
222;45
159;37
197;38
244;41
272;35
346;32
367;41
414;46
448;49
483;55
539;64
573;76
559;76
504;69
485;71
416;73
384;69
351;64
321;63
282;51
209;47
176;43
208;38
234;41
267;35
334;37
368;38
403;39
439;51
487;56
528;64
583;75
548;74
470;72
481;70
410;71
384;71
326;69
306;59
247;53
189;48
164;37
188;41
229;41
272;39
334;39
363;42
402;44
431;49
481;59
509;69
571;73
562;73
499;69
464;70
423;71
381;73
330;67
311;61
258;54
223;45
161;37
186;35
226;37
268;39
326;37
345;42
385;44
448;48
481;57
524;65
582;71
553;74
500;76
467;76
438;78
387;77
349;71
303;64
259;51
208;47
170;37
187;37
246;42
287;41
315;36
358;39
400;43
439;49
466;53
528;65
562;75
554;75
523;71
464;74
432;75
390;69
357;64
293;58
275;53
218;47
179;39
177;38
239;39
272;37
323;36
371;42
384;43
438;51
481;60
538;64
563;76
563;78
495;76
470;77
426;71
376;67
347;64
304;64
254;52
240;48
176;38
188;35
235;35
285;34
299;34
366;36
390;45
432;48
475;49
511;60
576;73
571;74
519;71
470;66
430;71
371;66
340;64
308;57
261;49
214;43
201;30
178;35
231;35
304;35
320;33
349;35
409;38
439;48
467;50
517;63
558;73
549;76
525;74
465;71
448;71
389;74
342;64
306;55
279;53
234;46
161;35
181;34
243;37
263;33
331;37
368;38
382;43
448;48
483;54
509;64
576;70
550;74
496;71
465;76
431;75
390;69
340;66
306;61
279;48
236;47
176;41
176;36
228;35
269;35
306;34
338;35
387;46
445;48
472;54
541;64
544;73
570;75
517;73
477;74
448;73
396;70
347;65
316;55
270;51
225;47
172;42
170;37
222;34
279;36
304;38
348;38
400;44
435;48
462;56
508;64
574;71
560;74
528;73
477;73
454;76
384;71
359;66
304;64
258;53
213;46
182;38
159;33
238;35
269;37
306;36
356;40
411;46
437;48
465;59
505;64
579;71
571;75
509;75
465;79
431;74
385;69
351;66
311;59
258;51
235;46
183;37
181;35
224;35
266;35
322;35
333;33
394;34
432;47
475;53
522;63
551;75
567;79
532;75
500;74
429;74
394;70
368;65
313;61
276;51
208;45
196;34
196;35
226;31
267;39
311;35
361;36
363;39
435;48
481;51
511;64
576;71
573;78
528;74
485;75
442;77
403;71
366;67
320;61
277;54
242;48
201;38
176;36
226;35
272;36
307;37
339;35
378;37
421;48
455;50
523;61
551;71
547;77
528;76
491;73
457;76
413;74
368;67
330;64
271;55
231;48
198;43
189;39
215;37
247;35
311;35
336;37
367;39
421;48
472;54
510;67
548;71
574;77
528;78
459;67
429;77
399;72
336;67
304;59
256;53
240;46
207;38
176;39
221;38
256;33
304;31
310;35
351;42
419;50
466;53
497;61
542;71
576;76
525;76
474;75
451;71
393;70
350;64
320;62
277;54
223;47
196;37
171;33
199;35
269;33
289;35
354;36
384;38
420;46
489;53
499;61
554;67
554;78
506;75
477;75
459;75
389;75
368;68
320;64
269;55
251;47
185;38
153;31
212;32
265;37
279;36
347;33
370;41
437;48
451;53
501;58
560;69
565;77
523;74
476;76
459;74
404;72
375;67
321;58
275;51
243;46
202;38
183;25
189;31
263;32
283;31
345;40
368;41
427;47
464;54
511;64
541;68
563;74
528;79
485;71
419;75
423;73
358;67
307;61
272;48
256;48
204;41
181;34
218;37
231;30
301;34
335;35
375;43
411;48
465;54
521;64
557;65
574;71
529;71
502;77
465;78
388;71
369;67
298;61
269;50
242;43
198;36
196;31
193;34
250;35
295;33
351;33
377;39
416;47
459;49
516;64
557;69
583;80
527;74
487;77
446;79
396;76
358;66
318;64
272;53
224;45
195;39
170;31
218;36
263;33
304;31
335;35
370;39
424;48
462;53
507;64
551;69
570;76
532;75
482;77
432;77
395;73
378;67
322;61
298;54
242;45
191;37
176;28
197;32
230;33
304;31
342;32
362;35
426;47
464;50
528;61
551;70
597;79
569;80
497;78
459;74
398;70
368;65
335;56
274;49
239;42
176;38
174;29
193;34
241;32
290;34
338;33
383;38
412;46
457;48
491;57
544;73
578;80
548;78
502;75
443;76
408;71
347;64
315;61
278;57
223;46
201;42
163;33
205;32
231;34
271;33
333;35
368;44
426;49
430;53
491;63
528;74
576;80
570;78
489;75
447;76
417;73
374;64
323;61
258;53
242;45
209;38
172;33
208;33
261;33
273;27
320;31
389;39
409;48
445;54
502;62
534;72
578;80
573;80
479;78
435;80
400;70
363;66
335;60
299;50
258;46
202;34
161;32
194;34
227;33
272;29
336;33
349;39
430;47
452;53
515;64
548;70
567;80
557;79
496;79
461;75
415;73
356;65
326;62
304;50
256;47
224;43
158;31
217;35
229;35
320;33
323;33
368;39
400;48
437;48
487;61
532;67
583;77
534;78
492;77
453;75
432;76
368;65
323;58
278;51
251;46
197;37
182;29
183;32
245;33
291;33
331;34
357;44
409;48
445;52
487;63
539;72
561;80
530;78
495;74
455;75
432;71
396;66
314;64
297;57
249;48
197;41
162;31
195;34
252;33
290;30
322;37
352;43
411;48
444;49
497;64
541;67
579;80
553;80
499;76
469;80
421;78
379;71
348;66
281;57
262;48
213;37
160;35
198;32
240;33
293;31
314;33
375;39
384;47
464;48
489;63
525;71
561;80
546;78
509;77
463;79
425;78
373;69
336;64
264;56
271;45
208;33
173;32
211;32
238;32
278;34
304;32
347;42
399;48
444;54
486;65
528;72
571;80
557;79
519;76
486;78
405;74
398;69
336;62
299;58
247;48
219;39
176;28
193;30
253;31
263;32
301;37
375;39
390;48
445;52
498;62
528;71
576;79
538;76
506;78
464;77
418;72
374;65
355;64
313;55
252;45
227;33
182;26
197;27
237;32
285;33
314;32
361;36
393;45
427;48
481;61
526;66
560;78
538;80
485;80
453;75
417;77
396;66
342;62
303;57
284;48
224;39
176;29
203;29
230;32
279;32
315;34
358;55
400;48
441;49
481;62
496;71
577;76
560;77
496;80
462;78
433;76
383;69
342;64
303;58
254;48
210;43
162;29
187;31
238;31
252;32
319;35
339;38
400;46
433;52
483;62
498;65
576;80
563;80
519;74
450;78
416;73
389;67
319;63
306;57
250;48
227;46
188;30
187;25
227;31
256;28
293;32
348;41
418;46
432;50
469;62
532;75
576;80
548;79
526;78
465;80
443;74
393;64
347;58
320;63
247;48
222;41
156;31
179;31
208;32
275;29
307;34
357;36
395;43
439;50
477;58
530;67
581;75
573;78
501;80
475;80
420;74
379;65
310;62
317;59
278;47
213;35
201;29
185;32
222;32
264;34
320;34
345;39
385;43
432;51
467;57
529;69
557;75
547;76
538;77
465;94
431;80
385;67
337;61
299;51
266;48
208;43
196;29
208;27
235;25
270;29
293;32
363;39
368;42
431;54
479;62
523;71
560;77
560;77
511;79
464;80
413;77
398;72
343;64
304;53
256;48
237;38
169;31
186;33
215;28
279;32
311;32
360;38
384;47
429;51
479;59
526;67
548;79
558;80
529;78
474;78
430;70
399;67
342;64
303;55
281;49
227;34
196;27
185;27
210;31
259;32
301;33
343;37
370;44
438;52
441;64
523;71
568;78
551;77
521;74
469;76
434;76
373;61
364;58
304;54
281;48
229;42
186;30
183;25
210;31
282;21
304;33
344;33
406;42
432;51
458;63
528;67
560;80
575;80
505;80
483;77
438;73
389;67
332;64
307;54
259;48
210;43
187;32
191;33
223;27
271;26
301;30
348;38
382;45
411;48
483;61
521;66
550;80
578;80
537;78
485;76
442;75
400;67
354;65
326;53
272;48
216;37
183;30
189;30
218;35
259;32
305;31
336;39
371;42
423;48
460;60
496;65
555;75
573;80
528;80
477;74
425;74
400;70
349;63
327;55
281;48
237;38
190;31
176;29
217;32
247;31
323;34
339;43
395;46
429;48
462;57
527;66
560;76
572;78
529;80
480;78
415;77
418;65
353;61
326;51
276;48
229;38
198;33
173;29
215;32
261;21
296;35
370;38
385;48
435;49
464;60
511;67
559;78
574;80
543;81
499;80
454;79
386;68
368;65
314;56
270;48
250;38
179;34
176;26
215;29
254;30
306;29
330;36
384;42
412;49
453;59
496;65
545;70
555;80
522;80
482;81
448;75
408;71
349;63
330;58
285;48
251;41
209;31
169;24
213;31
256;30
285;32
336;38
384;45
404;51
448;59
481;65
549;73
576;80
526;80
471;81
443;78
398;71
362;63
334;59
278;48
255;41
208;34
169;27
211;35
271;30
288;31
339;42
385;43
417;51
475;58
498;66
539;80
592;82
549;80
501;79
429;76
407;74
358;64
315;55
297;48
235;44
220;31
175;31
217;32
263;34
291;34
349;37
365;44
432;49
463;63
503;71
551;79
587;82
543;83
493;82
464;80
401;77
340;65
326;55
272;49
235;42
203;33
177;27
208;30
253;32
301;33
318;36
368;48
432;49
461;64
525;71
537;78
567;83
533;80
509;80
435;79
400;71
369;69
320;61
297;48
240;37
217;32
167;23
208;27
269;28
291;32
334;39
364;46
397;53
448;63
501;70
551;77
569;80
539;82
508;80
449;82
416;74
359;64
312;62
293;48
255;46
181;33
176;32
221;30
259;32
301;35
335;35
374;47
417;51
464;60
519;65
543;79
574;82
528;84
497;80
460;78
382;70
384;64
339;54
272;48
254;38
200;29
186;28
202;30
252;31
288;32
327;35
372;42
429;52
464;59
481;64
551;79
593;81
535;80
509;82
461;75
410;67
374;64
327;60
288;48
263;41
208;35
179;27
199;29
248;29
282;26
329;36
380;44
419;48
460;63
501;67
560;76
576;80
535;77
483;80
435;75
405;73
375;64
320;55
283;48
225;35
231;29
153;23
195;30
276;26
291;30
310;31
355;39
416;48
448;58
496;65
533;78
582;80
550;82
496;77
462;79
421;70
367;64
331;63
294;52
245;42
218;32
154;28
200;27
258;30
289;33
320;34
382;42
413;50
435;60
496;64
560;76
592;80
528;80
490;79
462;78
411;73
384;64
320;58
292;48
259;43
217;32
157;23
209;29
237;28
272;31
325;36
359;46
400;48
435;60
491;64
549;75
574;82
548;80
483;80
455;80
435;67
365;66
306;59
275;49
256;41
227;31
174;26
205;30
240;28
278;33
336;31
355;43
403;48
447;59
484;65
546;77
573;80
528;78
481;78
455;77
415;69
389;64
318;55
302;48
263;43
199;32
170;27
185;23
239;27
294;28
327;39
361;41
407;48
454;59
477;64
531;73
582;80
543;82
491;80
467;79
428;71
373;67
350;59
288;50
257;42
218;36
167;21
175;26
227;29
262;27
323;34
373;42
414;48
444;57
499;66
555;74
587;82
542;81
517;78
447;80
412;73
388;66
335;59
289;49
279;45
208;33
186;20
212;27
225;26
265;32
335;37
357;42
400;51
464;62
484;67
527;76
570;80
543;80
510;80
479;77
418;69
385;64
339;55
279;48
257;41
207;32
171;27
198;26
228;23
286;29
315;37
359;43
381;48
445;62
496;65
526;77
580;81
544;80
499;80
456;80
429;69
365;64
336;58
315;48
256;43
219;32
173;23
202;28
240;29
285;32
322;32
357;42
393;48
423;58
478;67
521;78
575;82
534;81
511;80
472;80
410;73
379;64
351;62
305;49
258;41
202;33
179;21
186;27
237;29
289;30
327;35
368;46
388;49
453;59
493;64
518;75
580;80
553;83
507;81
463;79
427;73
368;64
349;57
304;49
257;42
223;33
171;25
205;25
258;23
297;27
310;34
326;42
396;48
458;55
494;67
519;78
574;81
566;81
526;80
470;80
420;71
400;65
339;59
302;48
268;41
209;33
178;25
194;21
218;22
266;26
306;33
346;41
390;48
432;58
476;61
533;67
578;80
560;79
522;80
482;77
437;70
389;61
359;62
304;54
258;43
227;34
172;27
177;30
247;27
240;29
317;36
355;45
400;50
443;55
464;64
528;75
538;80
563;81
511;80
449;79
420;70
387;69
364;57
313;53
259;44
238;32
176;25
183;26
220;31
268;31
320;38
346;44
409;53
439;59
493;66
503;75
575;81
564;85
517;85
467;77
432;74
406;68
346;61
317;48
268;43
239;31
187;27
169;30
228;29
255;24
315;32
339;38
390;47
449;54
464;63
526;75
572;80
585;81
507;85
467;79
418;73
394;64
352;60
320;53
272;46
228;34
183;30
174;28
208;30
269;29
291;34
347;44
380;48
443;59
452;66
521;77
577;81
574;80
519;80
485;80
421;75
401;68
355;58
307;48
281;43
204;32
189;26
167;25
213;29
272;32
320;35
353;45
415;47
445;59
471;69
517;75
571;82
568;81
503;80
466;80
432;73
385;67
368;60
309;53
272;47
238;34
176;25
176;22
243;28
259;26
294;35
350;41
379;47
413;54
464;64
528;80
554;80
573;85
511;82
475;81
433;75
375;68
367;62
331;48
267;44
234;32
195;27
167;21
223;25
259;27
311;33
366;41
366;48
436;59
444;64
508;69
559;80
576;83
506;83
470;80
434;74
389;65
352;58
320;49
277;45
220;33
192;27
192;21
220;26
267;29
310;31
343;39
390;50
430;59
497;65
506;74
547;79
563;80
517;85
470;82
447;73
401;64
368;55
320;48
286;40
228;30
191;20
176;18
217;18
234;26
304;32
337;41
377;47
433;55
465;65
518;75
565;79
562;81
535;80
466;80
445;74
395;66
365;61
304;53
269;45
241;38
198;27
185;26
238;26
240;27
305;34
351;39
395;48
432;58
449;65
503;73
573;80
571;82
536;80
480;80
442;69
416;64
343;54
329;48
265;38
236;35
208;28
183;23
211;25
253;27
283;31
331;37
379;48
456;57
469;63
528;71
555;76
589;80
500;80
484;80
448;77
400;64
348;54
320;48
274;45
242;33
205;23
188;22
195;23
256;26
303;33
333;44
372;48
426;50
464;66
506;75
555;80
577;84
551;83
473;80
448;75
410;70
382;61
322;48
276;42
218;32
190;26
160;25
210;26
266;29
290;32
342;41
366;48
427;56
465;64
528;76
527;81
575;82
535;81
473;79
445;70
398;64
360;62
336;49
295;42
240;34
192;29
145;22
203;25
258;32
303;38
336;42
370;50
421;58
429;64
477;76
544;80
566;84
528;82
473;80
454;72
432;65
359;58
332;51
272;46
239;35
194;30
166;25
238;23
266;25
304;33
338;38
381;48
409;59
469;66
501;74
589;80
571;85
538;82
496;80
441;79
411;67
370;62
295;52
282;48
242;37
189;25
172;27
209;23
246;31
288;38
336;46
368;48
419;57
461;64
491;73
510;83
579;83
545;83
458;81
451;76
409;69
378;64
332;49
271;43
242;37
186;26
176;27
218;30
240;31
291;38
315;39
341;48
418;54
436;61
501;70
561;80
579;82
528;83
493;83
442;74
418;67
379;59
337;52
287;42
246;43
192;23
179;21
202;20
257;29
295;31
327;38
368;48
400;57
463;64
497;74
551;82
579;85
533;86
518;80
465;76
422;69
386;64
336;58
294;45
253;39
205;25
176;19
196;19
267;26
293;34
332;43
387;49
398;51
449;64
495;78
550;80
592;85
529;80
492;80
464;77
398;71
368;62
326;52
299;45
245;35
217;27
176;21
219;21
235;27
285;30
318;36
368;48
430;58
455;64
493;69
541;80
567;87
546;87
486;81
450;80
420;68
387;58
318;57
289;43
249;34
201;29
171;21
207;23
244;30
273;34
322;19
400;48
409;59
452;64
493;64
543;75
575;83
560;83
505;81
457;75
406;55
366;59
337;56
290;45
259;40
224;26
175;21
197;17
245;28
286;32
317;38
371;47
416;53
446;64
483;80
549;79
573;85
565;83
511;80
456;77
402;66
384;63
335;53
310;45
259;35
205;27
147;17
202;21
243;22
301;32
345;35
371;46
418;56
454;65
496;74
525;80
576;90
557;86
484;80
461;75
450;69
386;62
336;52
283;43
235;37
233;32
175;22
203;23
234;27
307;32
320;37
371;44
400;52
447;64
479;75
544;80
592;90
545;82
496;80
471;72
421;65
370;58
336;51
293;44
267;33
195;26
162;20
189;21
227;27
288;32
314;43
377;47
384;57
448;62
494;76
546;80
587;90
551;87
521;83
477;73
432;65
382;63
336;54
304;44
257;34
223;23
167;16
205;21
249;28
277;31
336;39
382;48
393;48
435;64
488;71
529;77
581;85
549;85
503;82
457;80
430;70
374;61
331;58
311;48
256;36
233;26
175;22
187;23
235;28
280;34
320;41
381;46
402;51
448;66
490;74
531;79
590;88
555;81
495;79
480;73
400;66
368;59
359;48
307;41
261;33
227;25
163;19
209;19
217;27
288;30
326;37
353;46
401;51
447;64
486;71
532;80
566;90
560;86
519;83
464;79
409;72
384;62
346;57
307;44
261;37
215;27
172;23
205;19
249;30
288;35
298;38
355;48
397;55
446;64
473;70
539;78
568;86
546;85
519;80
483;75
426;69
378;62
351;51
314;46
249;37
231;27
178;21
197;17
236;29
272;30
301;41
364;43
419;56
432;64
495;74
528;79
589;83
560;83
519;83
464;75
432;64
400;58
363;53
312;45
267;35
208;26
185;21
193;18
238;27
275;29
329;40
371;45
396;53
464;63
486;74
528;80
570;85
555;82
535;80
457;80
413;67
403;62
358;54
315;48
261;36
220;27
178;20
190;22
238;29
261;31
307;41
346;48
373;51
429;64
453;71
528;81
580;89
562;88
522;82
447;75
432;69
394;64
339;57
308;48
245;37
242;27
191;21
192;19
235;27
270;28
328;37
355;48
384;51
421;63
489;77
526;81
553;89
563;91
526;83
471;79
431;68
400;63
338;55
325;46
265;35
192;31
205;18
203;22
222;31
242;33
304;43
336;48
402;54
430;63
468;76
516;80
572;87
572;90
531;83
490;78
433;70
391;64
351;50
313;45
276;37
213;29
187;25
166;22
224;26
282;32
303;38
330;48
393;57
444;64
466;69
511;78
545;85
575;87
510;84
487;78
432;69
400;62
355;53
310;46
263;39
230;32
195;19
196;20
215;27
274;33
312;35
348;46
382;49
447;62
477;72
529;80
549;86
559;87
530;80
484;71
423;66
385;58
354;51
311;40
263;35
245;25
203;21
167;19
227;26
251;30
328;38
336;42
385;50
442;62
481;67
510;79
561;87
549;87
522;84
454;77
432;67
395;58
358;51
323;42
279;34
226;32
176;25
174;23
207;29
271;33
287;38
339;45
390;48
426;58
480;73
507;75
565;83
559;90
517;83
458;80
448;67
384;62
369;53
311;43
258;34
240;29
182;19
190;17
233;24
249;27
317;38
327;46
354;53
432;62
465;71
511;80
578;87
577;87
541;80
479;74
432;66
385;61
369;52
302;43
265;32
227;30
195;20
173;17
219;19
259;29
291;34
342;45
384;53
434;64
466;71
553;77
551;86
560;87
528;80
482;78
422;69
407;62
368;57
325;46
286;39
225;31
186;23
176;20
199;21
247;30
308;34
341;48
372;50
432;61
461;66
481;77
551;82
576;87
527;83
498;79
449;70
410;64
365;55
331;47
272;38
259;30
186;19
161;17
206;25
245;32
305;33
338;44
363;53
404;61
455;70
525;80
544;83
550;94
528;83
495;79
451;74
429;62
352;53
319;48
277;37
228;33
208;21
158;16
194;26
263;30
306;37
339;45
377;49
432;60
468;69
511;78
579;83
576;89
556;83
500;78
427;74
400;61
365;50
345;43
285;38
240;26
198;19
166;16
206;23
251;27
283;35
329;48
384;50
417;58
464;65
496;71
560;83
562;85
519;80
475;77
438;70
400;64
355;52
326;48
293;39
229;32
187;22
179;19
211;23
235;29
295;38
342;43
379;53
439;62
457;73
529;80
553;83
569;90
533;85
491;75
434;66
429;60
336;50
321;46
272;35
237;26
194;21
172;16
211;23
271;32
287;33
341;47
367;52
400;63
465;71
521;80
553;82
560;91
533;80
474;78
448;68
426;63
380;57
320;44
288;39
230;29
201;22
159;18
226;26
256;28
295;33
332;43
379;51
417;62
467;66
503;80
551;82
570;88
503;80
511;79
454;69
409;64
382;55
327;45
289;40
227;31
199;22
169;16
199;21
238;30
293;41
339;46
365;54
401;65
462;73
505;80
528;87
581;89
547;82
480;80
439;74
404;64
377;56
339;44
293;40
244;30
197;21
154;18
225;25
241;30
289;38
336;48
359;50
409;63
448;66
506;77
563;81
576;90
539;80
496;75
466;69
416;64
351;53
330;47
289;34
235;30
205;22
167;16
210;21
254;28
272;32
322;48
355;54
409;59
435;69
491;75
531;84
588;90
541;82
488;77
464;73
405;64
354;53
331;47
269;35
253;34
190;26
156;18
226;26
249;31
281;33
320;48
368;49
407;62
443;67
495;78
539;83
577;94
560;90
494;81
452;69
418;64
372;55
330;48
291;39
237;36
192;23
176;19
208;27
241;29
288;37
326;45
373;48
415;59
458;67
495;77
542;80
592;93
543;83
496;78
436;71
426;63
372;53
331;47
274;37
242;30
205;19
163;17
208;21
233;25
258;32
322;45
367;49
388;60
453;73
503;79
547;84
571;96
539;89
505;80
464;77
419;64
374;51
313;48
302;39
245;30
205;21
165;16
206;20
239;31
280;33
331;44
378;50
381;55
454;70
487;78
539;83
589;89
544;86
477;78
457;75
425;64
369;58
333;44
299;35
259;26
208;23
167;18
193;20
244;32
272;40
321;47
346;53
397;63
433;72
481;78
542;82
594;95
538;85
502;78
461;71
414;64
371;51
336;46
293;43
261;32
190;21
183;17
193;26
223;34
289;37
327;47
349;53
400;64
451;69
503;78
517;83
590;93
560;85
496;77
473;75
405;64
389;59
345;48
293;41
256;35
225;19
171;17
199;22
242;28
291;36
335;48
349;53
400;61
435;67
466;79
538;82
582;87
560;90
531;80
464;71
410;64
400;57
340;47
311;38
257;33
235;25
186;17
199;19
235;29
256;39
309;45
359;53
411;58
435;69
485;75
528;81
590;91
551;85
496;80
464;67
426;65
401;53
335;49
304;37
267;30
217;23
178;19
192;25
238;28
286;38
304;45
345;50
417;64
437;69
474;79
534;83
585;91
545;89
523;81
464;71
418;64
384;54
343;48
304;39
256;33
237;23
179;18
190;21
241;26
262;33
336;42
366;51
391;61
464;65
469;76
530;84
563;89
561;92
510;75
459;68
425;60
390;51
346;47
306;42
258;30
219;19
170;16
208;18
237;25
274;34
305;43
357;50
387;61
442;67
499;75
535;80
559;88
556;87
507;80
489;79
432;64
385;58
347;48
301;36
257;30
222;17
176;17
193;18
238;26
256;38
304;42
366;51
394;63
448;68
483;79
528;82
576;90
565;92
499;80
464;74
448;64
400;55
331;48
290;43
263;32
215;27
175;17
189;25
217;32
272;37
313;46
339;54
397;59
437;71
490;77
529;82
549;92
553;90
522;85
469;76
407;64
392;55
340;51
307;43
285;31
224;24
185;17
174;26
245;29
272;35
307;47
350;52
389;63
454;71
481;80
509;83
566;94
546;83
526;80
486;74
421;67
385;58
342;48
320;41
256;36
225;28
176;17
173;25
208;29
272;34
317;48
356;48
399;59
447;65
482;76
525;80
560;89
592;87
526;79
476;73
433;61
396;53
353;47
304;37
279;29
241;22
175;17
203;20
222;23
283;35
281;45
367;49
385;60
432;64
486;71
533;83
564;89
560;83
522;80
464;76
446;65
382;54
362;48
304;38
277;30
221;23
175;16
176;25
235;31
267;35
301;44
321;48
400;59
432;70
477;76
526;87
576;87
571;89
526;80
458;78
455;63
397;55
342;48
311;37
245;37
214;21
181;14
183;22
226;29
272;35
295;46
336;48
420;60
432;64
474;79
518;81
595;87
583;93
545;80
471;73
435;62
421;55
367;48
295;41
273;36
257;25
198;19
192;28
220;30
240;36
297;45
359;49
396;55
435;65
464;90
502;82
558;91
567;90
529;80
432;76
437;64
397;52
366;48
339;41
257;33
248;23
191;5
193;23
212;37
299;35
330;43
356;50
388;61
437;70
467;75
507;83
575;92
553;85
496;79
484;68
464;65
401;59
361;48
302;39
263;33
237;19
198;21
174;18
192;26
244;34
309;42
367;48
394;61
426;68
468;74
526;80
550;91
560;89
526;80
468;73
439;64
389;53
381;48
325;37
274;34
222;19
190;18
174;23
219;31
259;32
300;44
341;48
385;64
447;66
458;77
522;82
563;92
529;85
529;80
493;75
453;67
412;51
361;48
315;43
267;38
240;26
192;18
160;18
215;29
221;33
307;43
324;48
389;58
406;66
460;80
507;86
556;90
565;89
541;80
482;67
449;65
390;59
358;49
304;37
267;32
236;25
188;16
178;17
207;25
258;32
288;47
341;48
384;64
417;65
459;75
502;83
558;94
586;93
539;88
481;77
432;57
401;52
369;49
332;42
284;29
239;23
187;17
171;18
207;21
240;35
280;43
347;48
384;59
437;74
448;77
505;81
549;85
591;87
543;82
495;80
432;66
374;59
364;51
295;43
287;32
239;25
202;16
185;16
207;26
245;35
304;45
320;51
370;58
432;64
454;75
507;80
557;89
587;85
527;80
481;75
446;65
401;57
358;38
323;33
284;30
240;23
193;19
175;19
208;32
254;34
285;42
368;49
381;59
433;64
470;69
473;80
557;87
591;84
527;79
510;71
419;64
427;48
351;48
325;35
285;33
240;17
180;18
177;18
209;30
247;30
288;44
304;47
367;59
429;64
450;78
503;80
555;85
573;90
545;82
491;77
441;69
411;59
367;55
348;47
283;43
271;22
202;17
177;17
208;27
233;32
288;45
317;49
358;59
401;66
457;74
501;82
544;91
581;95
542;82
502;77
464;67
419;57
368;48
319;45
284;32
235;26
201;23
176;22
207;30
246;35
286;46
334;50
384;61
416;69
438;78
499;80
559;85
576;87
531;83
508;74
465;65
388;57
367;48
330;37
297;29
262;28
207;18
153;16
205;21
254;32
294;38
318;48
380;57
405;70
448;71
517;80
539;90
587;93
532;81
495;76
463;64
447;58
379;49
339;39
295;31
257;23
195;19
161;18
203;26
240;31
274;42
349;49
349;61
400;67
449;76
495;80
547;90
592;91
557;83
487;78
450;64
410;53
375;48
335;43
288;33
246;25
208;19
167;18
208;29
237;32
273;41
343;49
359;61
418;65
449;75
499;80
560;91
577;93
550;81
497;76
450;64
405;59
365;48
330;44
272;34
246;27
226;18
165;20
189;29
249;35
299;46
316;49
386;62
415;66
455;69
501;80
543;83
568;94
555;82
501;75
463;65
432;55
369;48
359;42
309;34
253;25
196;25
177;18
190;29
257;34
287;42
325;51
343;58
403;65
450;74
489;81
559;82
583;87
543;81
496;79
459;65
433;53
357;48
328;45
301;34
254;29
202;21
176;17
192;29
232;35
271;41
343;48
353;53
399;64
441;73
490;81
528;89
563;91
554;83
498;78
446;67
413;57
372;51
334;46
295;36
272;27
225;23
172;16
201;26
226;35
271;47
327;49
365;59
400;68
427;74
488;80
547;86
583;92
561;80
496;76
446;67
400;60
370;48
319;41
311;34
271;23
205;20
157;16
204;26
224;30
272;43
336;48
375;56
396;66
446;70
484;81
541;88
583;87
527;80
509;76
461;64
404;53
377;48
346;41
309;32
244;24
207;19
176;16
177;21
241;29
272;42
326;48
347;58
406;66
454;69
481;77
529;84
583;89
546;81
496;74
467;67
430;59
386;48
311;37
303;29
257;19
198;20
181;16
184;27
228;33
275;43
313;48
366;59
405;64
446;72
481;79
499;89
573;91
571;80
493;79
464;67
404;58
369;48
363;45
292;33
255;23
227;16
177;16
203;25
239;28
272;44
337;48
363;60
406;65
448;69
496;81
529;89
566;93
558;85
503;74
465;66
429;59
384;48
332;45
273;39
273;28
240;19
171;16
202;29
240;31
279;43
330;53
351;62
420;67
441;75
511;79
544;85
571;91
571;84
499;78
470;67
432;60
389;50
334;45
323;31
240;23
197;19
164;20
163;23
216;33
258;46
305;51
337;55
397;67
445;75
478;80
533;86
575;86
576;82
507;79
451;65
430;57
400;49
346;42
313;37
254;28
207;19
176;16
178;23
234;33
279;39
306;49
355;58
399;64
432;70
461;80
526;86
553;89
560;80
525;77
468;64
427;58
400;48
336;43
293;31
273;29
219;19
185;17
192;26
211;33
272;46
310;49
346;59
395;66
447;71
476;80
531;81
578;85
555;83
539;77
483;69
430;59
386;48
361;46
315;36
247;28
224;19
192;19
195;30
221;34
273;42
336;48
363;53
388;64
437;70
486;81
533;89
562;91
551;82
507;78
474;65
430;58
406;50
336;41
297;34
254;26
198;16
178;14
180;23
212;30
276;38
304;48
356;57
369;64
427;69
496;81
519;84
581;87
540;80
521;72
464;64
433;57
400;48
362;43
325;32
272;24
214;16
180;16
177;22
220;33
271;43
310;48
338;57
381;65
441;73
494;80
502;87
563;91
557;90
528;74
485;67
438;60
396;51
338;47
303;36
267;27
225;21
177;18
185;22
227;30
279;45
322;48
351;53
384;64
416;71
464;80
527;85
574;86
569;81
527;75
465;66
448;57
394;49
370;44
304;35
272;30
219;23
185;22
198;26
219;35
270;42
304;48
350;55
394;64
423;71
471;78
528;81
563;90
576;83
508;80
458;68
445;64
402;48
347;45
311;35
273;29
233;24
187;18
160;25
225;32
263;44
316;48
336;59
384;64
432;75
482;80
522;86
575;86
561;85
529;78
470;70
433;61
411;49
362;43
300;33
270;22
227;17
176;16
199;26
240;31
259;37
305;48
353;57
382;67
443;75
459;80
518;89
553;87
571;85
533;75
496;64
431;59
416;48
346;42
300;35
273;26
234;19
185;16
166;22
222;31
256;42
299;48
352;60
353;64
426;68
480;77
521;80
567;87
579;82
529;78
477;70
442;61
406;48
361;46
314;35
259;25
242;19
194;19
175;23
228;31
246;42
295;49
337;58
384;64
432;70
478;80
541;87
567;91
569;88
528;79
507;65
442;59
389;49
351;43
317;34
281;26
235;22
181;19
166;26
208;33
263;43
293;49
337;59
355;66
411;73
474;80
502;83
569;90
577;81
531;79
505;70
463;61
401;49
347;45
324;35
273;29
254;20
206;20
178;23
197;34
256;39
293;48
331;55
378;65
435;73
447;83
507;86
550;90
567;81
529;74
478;65
452;58
406;48
346;43
293;37
268;27
247;22
199;16
176;22
227;31
248;43
290;49
332;55
370;64
432;77
453;80
504;81
560;88
560;87
528;79
474;67
432;62
432;51
384;48
311;35
276;28
237;21
207;18
176;22
210;30
253;39
294;46
335;58
386;65
443;71
466;81
511;85
549;89
592;87
509;79
478;66
459;58
403;50
370;45
336;37
277;27
249;19
185;19
153;25
211;29
258;42
320;47
322;58
374;65
415;70
453;77
511;82
550;83
558;82
549;79
478;66
434;61
405;48
368;44
322;33
293;22
250;19
195;17
178;22
208;33
243;41
284;50
341;56
375;59
429;74
460;77
486;82
555;86
574;83
533;79
496;71
451;60
426;51
375;43
317;38
304;28
242;22
208;18
154;26
229;32
261;45
283;49
337;58
363;64
417;72
459;77
489;80
542;86
577;80
558;77
496;67
448;63
390;51
374;46
336;38
272;31
240;20
199;20
161;25
195;30
267;42
302;48
353;54
368;64
417;70
467;77
494;85
560;90
560;88
557;80
496;69
455;59
417;51
345;47
311;33
294;23
234;17
209;19
162;21
192;30
254;41
276;48
315;59
379;64
427;71
462;78
497;83
519;87
601;89
526;82
496;70
449;62
407;52
369;49
331;38
301;28
240;26
219;22
166;23
208;33
252;43
281;48
331;55
361;64
422;73
477;80
490;85
538;87
580;90
557;80
497;68
461;64
402;50
380;43
332;41
291;26
240;23
209;22
164;22
208;29
252;40
279;48
313;53
373;64
411;69
452;73
501;80
535;84
583;87
553;80
497;70
459;63
409;52
372;46
347;38
287;25
256;21
206;20
176;19
208;30
240;39
298;48
317;55
362;61
406;73
447;81
507;85
534;85
570;86
559;80
506;69
464;61
432;48
401;45
343;37
311;25
235;19
193;16
176;17
212;30
240;41
268;48
316;54
379;64
397;72
442;80
496;81
539;81
585;87
553;78
523;70
440;61
413;49
362;46
329;34
301;29
254;22
213;19
179;20
210;28
237;38
294;47
331;55
353;63
406;74
448;79
496;80
528;84
576;89
565;80
498;65
462;59
