314;128
320;119
345;202
304;166
334;160
387;157
432;155
464;155
495;158
551;158
591;155
650;149
592;149
722;145
672;133
541;118
458;117
417;125
403;122
350;119
315;128
293;135
368;137
373;139
433;142
478;144
529;137
560;136
599;135
646;139
663;135
688;129
636;122
609;124
576;112
533;119
469;124
437;125
399;125
346;128
320;124
319;130
345;141
433;143
449;144
432;143
522;148
563;144
587;139
643;143
663;137
694;137
655;122
613;126
581;124
523;117
486;114
435;126
401;128
349;127
287;126
311;130
342;138
380;144
431;144
463;144
536;144
562;144
606;135
654;137
703;139
704;133
663;128
625;128
576;123
531;125
509;119
431;123
439;129
368;131
320;128
306;130
336;142
383;144
466;145
470;146
540;143
569;145
610;138
630;135
699;135
721;131
684;127
621;128
559;119
523;122
474;127
379;129
418;126
343;127
311;123
290;128
280;139
407;141
421;144
449;144
523;144
571;137
624;138
626;139
689;134
714;134
671;129
617;124
592;125
477;121
502;122
433;121
421;128
352;125
334;128
297;130
333;138
361;144
432;145
475;142
535;141
561;142
592;134
635;135
666;138
709;131
666;132
619;125
575;122
528;128
499;118
432;125
396;127
359;129
321;124
305;137
317;135
427;144
435;145
473;144
491;144
557;141
594;137
640;135
688;134
714;126
629;128
635;126
571;124
530;122
499;128
442;122
400;128
343;128
323;134
301;129
347;139
370;139
441;144
483;139
506;140
566;134
598;141
638;138
667;135
701;129
667;119
640;125
592;123
554;118
496;122
443;128
423;128
375;128
351;128
295;128
336;137
383;139
414;144
469;144
530;143
561;143
594;144
665;141
688;135
693;133
643;125
642;126
583;125
627;127
599;119
576;114
498;118
477;114
455;116
385;117
369;115
304;113
341;129
368;144
404;145
448;150
470;152
559;150
604;149
637;146
679;146
694;149
677;138
635;125
609;118
581;118
527;114
485;114
426;115
370;117
339;124
301;122
343;129
361;141
414;145
446;149
496;154
540;150
562;149
688;147
658;145
690;144
706;128
624;127
606;118
577;113
510;117
466;112
421;115
401;115
336;114
306;115
303;128
353;138
402;143
441;150
479;149
543;156
591;149
617;145
673;143
720;144
686;133
665;128
610;121
576;116
546;113
469;114
435;115
364;116
351;121
318;122
332;129
374;146
395;147
458;151
496;149
543;153
570;148
624;145
657;144
704;144
670;134
702;129
596;121
568;119
542;115
474;115
432;119
384;118
358;121
306;122
333;128
356;140
449;150
395;145
526;150
541;151
568;150
609;143
669;144
693;144
685;137
649;127
591;125
568;120
546;114
482;114
438;115
389;114
409;119
313;122
300;131
370;144
412;147
422;149
481;154
546;148
581;149
635;146
656;147
710;144
704;134
642;129
611;121
576;116
535;115
483;116
460;112
392;117
337;118
307;121
331;129
350;144
400;148
448;145
483;149
534;145
599;150
607;148
644;144
717;144
688;128
658;126
616;121
560;121
571;115
497;117
439;113
384;115
347;123
298;124
313;129
384;144
385;144
451;147
485;145
523;147
571;146
610;141
658;144
698;144
678;134
663;128
592;122
576;115
515;112
488;117
433;116
400;117
355;119
330;122
309;129
355;143
398;144
435;147
470;147
525;151
579;146
640;146
650;145
693;142
692;142
639;128
594;121
577;121
538;113
493;123
434;112
395;112
357;122
320;121
313;128
349;137
400;143
449;148
480;147
501;151
569;145
617;144
658;142
666;144
694;133
713;129
585;120
570;119
528;115
469;112
445;114
372;117
360;115
329;118
320;134
357;144
386;145
422;144
481;147
521;146
568;144
606;145
650;144
706;144
682;135
612;128
626;117
585;112
588;112
477;112
433;113
383;125
379;126
326;123
312;127
345;138
398;144
399;145
478;148
533;147
575;149
604;146
624;144
688;149
691;139
645;126
563;123
586;117
528;112
474;112
432;113
385;119
337;125
338;114
303;128
370;139
395;144
438;144
450;144
499;147
567;147
576;151
645;145
696;144
752;135
650;126
608;125
560;122
528;117
485;121
432;114
383;123
343;126
315;118
290;129
315;142
384;144
429;147
464;147
524;150
554;145
615;146
629;144
688;142
648;132
656;126
635;119
579;121
528;118
470;115
451;114
401;118
383;119
336;122
314;129
341;138
371;143
408;147
458;149
528;153
571;146
614;145
653;144
666;144
699;138
651;129
607;119
571;119
490;116
478;117
445;117
413;117
353;122
311;125
289;131
337;143
383;147
422;149
460;153
535;150
560;149
610;145
638;146
688;144
699;140
650;130
615;125
608;118
548;118
492;120
437;118
386;125
361;125
336;122
320;131
352;142
405;145
427;148
466;148
525;149
569;144
599;144
643;144
675;143
711;141
683;128
643;115
565;115
539;117
504;114
467;119
407;116
410;128
335;124
311;128
356;142
384;145
411;146
461;148
508;145
559;144
609;144
623;141
695;142
719;136
659;128
624;123
591;115
549;116
486;118
450;118
403;119
371;117
337;125
322;128
283;137
390;143
439;146
526;148
519;146
551;145
613;145
651;144
665;143
722;134
684;128
624;120
595;118
554;112
511;118
458;113
400;119
393;128
336;126
314;130
342;142
385;146
411;146
453;145
466;147
567;147
609;144
650;144
683;143
698;140
709;128
626;119
592;121
556;114
480;114
450;115
368;121
344;119
335;123
292;128
335;135
394;144
413;146
458;147
577;147
550;151
576;144
661;144
690;139
722;134
683;129
638;129
586;117
544;119
510;118
448;118
403;113
364;120
331;125
302;131
337;141
386;144
422;144
451;150
507;146
556;147
580;144
570;140
635;136
702;139
666;128
657;123
599;119
551;115
483;119
460;115
433;126
386;125
320;127
282;129
346;138
371;144
418;144
449;144
530;142
560;148
592;144
641;144
683;144
708;139
684;137
630;119
601;121
543;112
518;117
468;118
403;114
346;123
340;122
304;121
343;134
370;144
405;143
465;144
502;144
560;141
614;143
656;141
656;142
733;139
687;128
616;118
613;115
545;119
461;119
467;117
415;118
344;125
336;124
245;128
347;137
372;142
445;144
442;144
506;143
539;144
593;144
638;144
675;144
701;140
675;125
640;119
622;120
575;117
501;118
458;112
420;118
363;123
289;125
304;125
346;135
387;135
403;141
464;141
505;144
547;145
613;144
634;144
683;144
726;138
673;127
643;118
592;119
587;119
509;119
461;123
414;122
391;126
336;129
307;128
324;139
391;141
409;144
460;145
510;145
533;139
593;144
646;143
674;143
660;141
627;132
640;123
591;123
573;117
486;118
470;121
431;121
383;123
336;121
319;125
344;133
370;141
386;139
415;144
501;144
531;144
606;142
646;143
667;139
715;142
663;126
633;123
620;123
544;117
490;115
465;121
438;123
387;125
340;128
295;124
345;137
380;143
419;144
445;145
503;144
545;143
578;144
629;139
667;138
706;138
689;126
642;118
592;112
567;113
505;114
455;112
446;124
419;126
349;127
320;123
327;134
379;143
399;141
450;144
495;144
557;141
565;139
622;139
666;141
689;141
662;128
636;121
610;119
560;113
528;113
463;112
421;118
334;123
346;128
304;128
323;128
327;139
401;141
434;144
478;145
545;144
586;144
618;139
663;137
702;141
688;128
650;121
606;117
530;118
528;115
477;118
414;119
399;125
352;125
316;128
322;138
356;140
391;143
442;144
464;146
496;147
591;144
659;143
667;139
678;141
686;126
659;125
610;123
551;115
555;117
460;117
415;123
400;125
352;125
310;120
330;133
369;139
395;144
465;144
493;144
522;141
599;137
610;135
671;138
717;137
675;127
642;118
609;115
553;117
516;119
459;115
423;124
378;123
356;128
307;126
316;130
373;133
393;144
451;141
485;141
528;144
592;144
608;139
649;138
725;138
683;132
643;126
594;125
575;118
526;121
464;122
442;125
399;128
343;128
295;130
299;131
371;142
368;144
437;145
491;144
563;144
587;139
626;138
662;137
698;135
693;123
661;123
596;125
566;118
529;119
481;122
428;119
415;127
352;127
307;128
321;131
400;141
383;144
457;144
515;144
543;141
590;142
635;139
659;138
686;134
677;130
649;118
615;125
571;120
510;115
467;122
432;124
388;128
339;127
335;125
323;132
384;144
400;145
447;145
475;144
533;144
575;144
618;141
722;139
679;141
682;126
653;123
633;122
565;122
545;117
452;126
420;124
405;127
336;124
310;126
327;130
358;140
383;141
447;144
496;144
562;144
576;144
611;139
673;143
697;137
694;132
674;121
621;125
563;122
507;123
459;124
419;127
389;126
356;128
319;125
320;138
369;141
369;142
418;141
455;144
528;140
585;139
624;142
636;139
666;142
656;133
618;126
573;125
607;128
519;122
481;121
443;122
397;128
366;128
303;127
336;134
349;144
410;144
448;144
489;144
521;144
547;142
608;139
673;134
720;136
685;137
656;126
618;128
561;122
526;119
480;123
417;121
377;125
359;123
328;130
320;131
362;138
419;141
429;144
482;144
497;144
571;142
592;139
650;141
688;134
704;130
656;127
688;124
577;123
530;119
493;123
408;121
394;124
369;127
368;140
434;137
278;142
384;142
438;144
465;144
507;138
570;142
643;133
618;135
651;138
695;134
627;122
617;122
592;115
541;118
458;117
417;125
403;122
350;119
315;128
293;135
368;137
373;139
433;142
478;144
529;137
560;136
599;135
646;139
663;135
688;129
636;122
609;124
576;112
533;119
469;124
437;125
399;125
346;128
320;124
319;130
345;141
433;143
449;144
432;143
522;148
563;144
587;139
643;143
663;137
694;137
655;122
613;126
581;124
523;117
486;114
435;126
401;128
349;127
287;126
311;130
342;138
380;144
431;144
463;144
536;144
562;144
606;135
654;137
703;139
704;133
663;128
625;128
576;123
531;125
509;119
431;123
439;129
368;131
320;128
306;130
336;142
383;144
466;145
470;146
540;143
569;145
610;138
630;135
699;135
721;131
684;127
621;128
559;119
523;122
474;127
379;129
418;126
343;127
311;123
290;128
280;139
407;141
421;144
449;144
523;144
571;137
624;138
626;139
689;134
714;134
671;129
617;124
592;125
477;121
502;122
433;121
421;128
352;125
334;128
297;130
333;138
361;144
432;145
475;142
535;141
561;142
592;134
635;135
666;138
709;131
666;132
619;125
575;122
528;128
499;118
432;125
396;127
359;129
321;124
305;137
317;135
427;144
435;145
473;144
491;144
557;141
594;137
640;135
688;134
714;126
629;128
635;126
571;124
530;122
499;128
442;122
400;128
343;128
323;134
301;129
347;139
370;139
441;144
483;139
506;140
566;134
598;141
638;138
667;135
701;129
667;119
640;125
592;123
554;118
496;122
443;128
423;128
375;128
351;128
295;128
336;137
383;139
414;144
469;144
530;143
561;143
594;144
665;141
688;135
693;133
643;125
642;126
583;125
531;128
502;127
450;125
418;131
358;128
320;128
307;125
368;137
375;137
400;141
477;139
505;144
562;137
621;137
640;134
658;134
721;130
661;127
657;123
571;124
534;121
507;126
448;125
411;128
389;129
347;128
245;128
339;142
347;137
424;138
432;138
489;137
547;137
592;141
627;137
661;135
700;131
689;127
689;123
559;120
506;117
499;122
466;123
419;126
379;129
336;128
299;132
335;134
399;141
421;146
485;141
496;138
542;139
587;134
631;138
669;138
703;138
672;125
646;119
660;121
547;123
490;118
449;125
302;125
368;129
338;129
300;132
339;138
379;143
404;142
449;141
503;135
560;139
581;132
566;133
663;131
720;128
663;117
627;123
575;115
541;123
509;119
448;127
422;127
382;128
375;129
292;128
339;132
427;139
432;142
464;144
528;138
535;135
577;127
626;134
661;129
730;134
663;129
641;128
609;128
531;126
483;125
464;128
397;128
401;130
321;132
283;130
352;137
387;131
396;138
459;128
495;138
526;133
564;138
614;135
651;133
733;134
686;126
650;123
606;119
537;126
503;125
448;125
397;115
379;126
346;128
279;125
321;131
361;134
406;139
443;138
500;139
533;138
576;133
627;132
660;133
707;132
670;128
664;121
608;128
558;122
480;123
443;128
411;129
381;121
333;123
300;132
320;139
368;143
385;144
491;143
504;141
541;137
576;131
626;131
678;131
720;139
687;130
624;126
592;123
542;122
518;125
451;126
437;128
371;128
346;130
282;128
342;142
337;139
401;142
447;141
500;137
534;133
574;129
631;130
640;134
705;134
690;129
632;125
560;123
588;122
502;128
461;128
406;129
383;128
336;129
297;125
325;135
375;141
400;141
457;139
490;141
539;138
592;131
595;133
651;131
685;131
675;122
643;122
592;123
542;124
433;124
432;128
421;128
390;127
355;131
298;125
338;138
353;138
416;144
450;137
501;136
560;139
578;137
613;130
650;132
742;133
687;128
653;126
605;118
547;119
480;121
449;126
406;132
385;132
335;131
282;134
314;139
352;135
352;142
456;141
493;130
533;131
576;133
614;135
641;133
697;133
698;129
647;119
559;119
528;119
497;128
475;123
429;129
381;123
350;121
325;123
304;131
350;131
391;139
458;138
495;140
526;131
588;133
624;130
613;135
731;131
683;128
629;121
594;127
522;123
511;125
461;127
432;130
381;129
361;129
341;128
314;135
349;133
387;137
391;139
464;143
534;134
560;138
665;133
611;135
693;134
693;130
649;126
601;125
581;124
564;125
439;128
422;128
384;132
343;129
222;128
310;131
351;132
410;137
448;134
492;138
558;139
601;134
645;131
645;128
697;131
706;127
649;128
602;126
571;128
508;123
461;128
421;130
395;128
355;131
290;131
319;135
379;135
413;140
450;139
485;137
534;138
576;132
629;135
652;133
691;135
688;133
651;127
615;127
550;126
503;128
444;128
436;130
370;134
310;132
304;130
316;130
368;136
400;138
438;139
494;143
526;137
589;133
611;128
663;129
704;133
681;128
655;125
622;123
566;124
518;115
463;129
426;131
387;128
363;135
307;127
318;134
363;139
400;140
449;138
475;139
553;141
566;138
567;133
655;135
704;131
764;128
665;125
591;125
579;118
528;122
542;129
423;130
458;128
362;135
294;132
318;131
351;133
385;138
448;133
505;139
551;133
597;132
619;131
651;131
697;137
685;130
661;128
614;123
498;125
519;128
480;128
433;130
363;128
331;133
316;131
341;135
368;137
425;136
432;135
496;136
556;128
550;125
593;137
593;128
656;131
694;130
660;125
615;122
562;126
534;127
479;129
450;128
401;128
357;132
336;128
320;132
345;130
406;140
464;139
471;141
503;138
584;131
601;130
647;132
714;131
695;132
653;128
604;125
560;119
528;123
469;125
453;131
394;133
368;131
319;132
323;131
348;134
399;134
446;134
468;135
533;133
592;130
605;128
657;128
688;129
699;131
666;129
619;125
564;125
536;126
469;128
464;131
398;130
384;131
331;134
323;132
374;133
400;139
432;137
482;141
521;132
573;128
617;129
661;128
717;131
695;132
674;130
621;128
591;125
543;127
461;129
443;129
399;131
367;133
313;128
299;132
343;133
410;139
446;138
490;139
538;135
562;133
624;135
656;128
706;130
705;130
710;128
635;123
576;125
535;128
485;126
448;131
400;129
384;129
322;129
317;132
375;137
402;137
432;138
476;141
533;132
624;135
635;136
678;130
699;130
705;129
675;129
624;125
571;126
528;123
496;128
457;130
407;131
363;131
363;129
309;132
340;134
379;138
440;133
480;135
549;128
560;128
599;130
656;129
688;131
707;130
669;128
636;126
578;127
543;123
478;129
456;134
418;135
378;134
321;132
300;131
355;132
433;137
400;141
486;137
534;131
537;125
622;130
642;130
688;133
721;130
674;128
619;122
563;127
538;128
484;125
447;131
413;129
379;138
340;132
294;133
365;133
382;141
434;140
528;133
545;133
576;132
609;128
658;129
624;132
705;131
669;128
625;127
577;128
529;128
478;128
464;131
418;131
371;129
338;129
253;131
362;135
378;138
448;139
480;138
540;131
547;128
614;128
650;136
697;128
720;129
671;130
655;126
602;126
547;125
510;125
462;128
431;130
399;140
325;137
306;131
336;139
373;142
433;138
485;136
508;137
547;129
602;128
656;129
640;128
721;129
694;123
643;127
564;125
576;129
496;128
450;132
439;134
400;131
350;129
317;128
346;130
383;138
432;134
482;135
522;130
585;128
598;130
624;130
707;134
688;134
688;128
644;125
600;125
531;128
485;131
463;132
422;130
389;134
306;131
307;131
338;135
393;130
430;128
478;137
507;130
555;132
607;126
648;128
711;128
707;129
663;127
653;127
575;128
531;128
498;130
400;130
426;131
374;141
323;136
305;128
339;134
397;134
405;135
483;133
498;131
560;128
592;128
641;133
688;130
721;133
688;129
640;128
590;128
550;129
495;131
450;131
401;135
373;130
316;131
303;131
341;132
379;135
438;131
454;134
486;131
553;133
593;129
637;128
718;128
719;130
692;128
631;125
570;128
538;124
505;134
455;130
417;130
346;134
363;132
286;130
347;134
383;133
429;134
496;134
499;129
554;127
575;128
631;128
679;129
715;130
678;129
635;126
576;130
542;126
485;129
458;131
409;129
424;129
318;129
304;129
291;133
363;139
434;137
464;134
502;133
548;128
589;128
635;125
674;127
704;131
705;135
638;127
566;126
567;128
493;134
462;130
405;130
379;135
333;131
290;129
327;130
397;132
432;130
459;137
519;128
525;130
582;128
624;128
688;131
717;129
688;128
607;127
587;126
534;127
511;128
475;128
432;133
368;128
335;130
315;129
329;129
375;134
433;134
463;134
506;129
548;128
593;129
630;131
695;128
724;134
692;131
630;129
613;125
549;128
495;132
482;136
401;140
401;139
305;134
303;130
343;134
371;139
403;137
463;130
522;130
543;126
552;128
625;130
629;130
723;133
701;129
642;129
597;128
577;128
509;134
453;135
432;134
325;137
329;131
307;128
333;133
370;134
423;135
503;134
497;131
541;131
591;130
595;130
675;128
706;129
674;134
650;138
589;126
541;128
496;130
476;137
421;128
408;137
333;133
285;130
307;134
372;137
404;134
466;135
490;132
554;129
584;130
617;126
675;128
696;139
717;134
631;130
595;133
577;130
499;139
468;134
445;138
410;135
327;131
279;128
325;128
461;116
510;118
465;128
478;122
545;125
578;127
623;125
670;129
704;131
686;131
661;129
593;126
534;127
522;132
448;136
423;134
399;133
349;136
298;128
308;131
355;133
393;137
434;134
485;139
529;128
591;126
640;128
666;132
716;136
693;132
506;128
596;128
545;123
508;138
419;138
444;135
373;134
333;131
292;130
308;129
353;134
419;134
464;136
470;133
506;126
576;128
627;126
666;130
703;130
762;129
656;128
614;126
563;126
508;134
482;134
327;137
427;139
355;114
318;128
323;128
338;134
415;133
489;131
498;134
531;127
583;128
622;118
663;128
693;128
688;129
667;128
598;130
578;127
511;134
523;133
431;134
394;138
349;130
281;128
333;135
362;128
389;128
414;128
477;131
528;130
624;128
624;123
662;128
710;131
697;129
638;125
584;128
572;126
521;132
467;137
400;134
400;131
354;137
316;129
336;131
369;133
422;128
445;130
534;127
536;126
569;128
627;128
661;128
697;134
649;128
656;128
579;130
548;128
517;130
465;134
429;137
384;134
333;133
304;127
307;128
362;134
436;129
429;129
487;127
527;126
592;125
656;128
666;128
705;134
673;133
660;132
641;130
595;129
506;131
480;131
427;137
400;137
350;138
289;129
318;131
353;135
399;133
447;134
503;123
538;123
576;123
596;123
647;127
738;133
696;131
640;128
577;128
558;126
532;131
498;133
425;136
384;134
330;139
304;131
309;128
352;128
383;129
423;128
481;127
527;125
575;128
649;128
625;133
688;133
715;133
669;130
594;128
560;129
517;131
482;130
411;133
369;132
359;137
307;129
278;129
345;128
339;128
434;138
511;132
539;126
574;128
608;120
656;127
691;130
695;131
654;128
597;126
575;131
522;135
482;133
422;137
388;122
340;132
293;128
272;133
363;134
391;140
393;129
489;129
525;126
587;126
590;121
623;126
710;128
707;131
634;119
594;128
560;130
499;128
478;137
444;131
397;138
345;135
306;130
305;130
323;138
380;133
447;132
498;130
521;126
560;128
630;128
640;127
713;133
693;131
653;133
579;133
541;137
534;129
568;137
442;137
401;139
358;139
309;132
299;128
366;138
382;130
446;135
466;127
528;128
560;121
596;125
653;123
699;131
687;126
647;130
605;128
564;130
542;131
464;143
443;139
466;132
351;135
309;133
304;128
337;133
401;128
399;131
467;127
522;128
550;123
609;127
646;126
704;133
714;134
663;130
645;128
574;128
599;131
499;135
446;136
370;141
333;138
310;135
291;128
336;135
399;129
430;133
482;128
538;128
573;121
616;128
640;121
690;125
711;130
651;131
591;128
577;135
528;138
487;137
440;131
419;135
363;131
336;131
289;123
332;131
390;128
428;124
458;130
518;125
571;119
606;127
656;123
693;129
699;128
665;129
609;128
571;132
503;129
492;139
445;136
382;138
369;130
281;128
311;127
367;126
389;128
425;130
490;125
528;127
566;119
603;121
656;124
704;134
672;130
667;130
592;132
605;140
571;134
473;141
472;139
396;144
371;144
320;136
309;130
366;137
414;132
432;131
468;121
494;126
544;125
583;124
614;123
691;129
714;138
671;131
618;134
560;134
535;135
495;142
464;142
426;142
368;142
321;133
321;129
330;134
399;133
434;128
482;123
523;118
598;127
628;128
638;128
703;130
665;134
651;131
659;134
582;134
528;138
489;138
463;138
432;142
348;138
326;130
298;128
355;131
394;129
432;129
494;128
524;127
564;124
626;128
632;127
702;131
720;133
672;128
615;131
597;128
544;137
493;138
450;139
419;144
357;138
336;131
300;129
334;133
403;131
432;130
466;126
494;128
572;128
586;128
646;127
684;134
715;129
670;129
528;131
601;133
541;135
510;131
443;139
415;143
378;134
321;139
283;128
349;132
381;130
420;128
490;129
511;126
570;126
646;127
657;126
669;131
727;134
682;132
623;133
613;131
523;135
523;140
463;141
419;138
383;137
322;134
303;128
337;128
358;129
439;128
469;125
524;125
551;127
590;125
656;128
688;131
711;137
674;128
640;133
577;130
576;137
496;133
463;138
417;140
378;134
379;135
281;128
348;129
387;128
435;128
464;128
526;122
562;123
587;119
654;123
704;128
720;139
677;130
642;134
588;135
528;137
509;139
483;137
430;143
390;141
320;130
350;128
346;131
385;132
432;123
465;127
526;128
489;124
602;123
642;123
688;130
725;135
688;133
631;135
585;135
551;134
499;141
455;137
418;144
400;141
336;133
287;128
336;130
406;128
432;127
455;128
503;123
547;124
587;123
645;123
688;128
717;138
688;135
601;134
599;137
556;135
505;137
448;140
421;142
368;140
330;136
290;128
347;128
353;129
458;128
470;128
496;124
564;124
590;126
636;128
687;129
728;134
676;134
637;131
589;136
555;138
503;131
462;135
446;135
359;141
343;133
293;128
336;129
371;129
429;125
455;122
493;122
561;125
611;118
632;122
690;128
733;137
670;134
647;138
593;138
554;141
441;144
459;143
426;144
400;144
336;134
259;128
337;130
381;128
449;128
452;128
508;123
546;127
547;125
640;126
669;128
714;138
684;133
647;137
579;139
543;141
519;137
462;141
442;142
353;140
337;135
310;127
381;132
381;128
426;128
477;126
505;113
545;125
560;125
641;124
662;130
713;137
691;134
651;135
598;132
561;139
497;141
454;141
423;141
392;139
336;131
283;125
320;131
379;129
421;127
463;123
474;113
533;119
560;125
639;123
603;131
728;140
706;134
647;136
604;133
518;136
498;139
468;140
414;139
361;138
321;135
288;129
317;135
420;128
412;127
458;128
488;119
499;121
581;122
627;125
673;129
728;133
675;134
637;131
575;130
544;133
519;134
453;142
430;143
381;142
347;136
291;129
326;130
352;127
400;128
454;115
497;123
539;126
560;123
634;126
660;128
720;138
686;132
645;131
585;133
604;138
497;142
467;143
400;144
363;142
349;141
275;128
336;130
368;129
400;128
461;119
490;117
546;119
581;118
635;123
658;127
699;137
701;141
640;131
587;136
543;141
493;140
478;141
401;142
335;141
346;139
301;128
310;128
341;128
400;128
445;125
495;122
530;126
558;122
609;125
668;128
720;134
683;134
621;138
619;138
546;143
530;138
493;144
431;141
397;144
353;137
292;126
330;128
352;128
398;128
449;125
468;123
528;115
589;121
603;123
656;129
663;138
687;139
655;131
609;137
562;137
517;139
471;135
400;142
382;144
338;138
297;127
299;128
358;124
412;124
454;122
481;122
525;117
582;118
637;130
671;128
720;134
687;135
629;129
597;133
549;135
502;142
458;144
445;144
390;144
337;132
298;129
320;125
380;126
417;125
440;122
464;121
528;122
554;125
602;121
641;128
698;134
706;141
718;135
545;134
495;140
538;143
471;142
432;141
400;143
339;139
319;128
322;130
355;129
384;128
458;119
460;125
535;121
560;122
601;125
666;128
704;135
678;136
577;138
601;136
567;141
503;141
488;144
430;144
386;142
338;135
299;129
298;128
363;128
394;126
447;126
499;117
521;114
574;118
652;121
684;125
720;135
700;138
645;129
591;134
555;137
498;141
482;140
426;140
400;137
335;129
280;128
304;124
361;127
381;126
487;123
509;119
540;122
566;122
606;119
646;125
704;131
701;133
618;133
603;135
527;144
517;143
480;142
426;142
402;144
337;131
299;128
315;128
358;128
404;122
432;122
462;128
517;120
569;122
621;123
663;128
709;131
687;137
635;133
625;134
577;141
531;141
475;138
407;139
378;138
349;131
299;126
326;122
363;125
394;123
533;121
497;119
519;123
563;118
622;122
667;126
717;137
715;144
631;129
624;137
587;141
544;140
493;142
426;144
413;143
342;143
293;128
295;125
365;125
389;126
449;122
478;122
524;119
546;118
608;123
631;127
692;135
692;137
645;139
626;141
576;142
531;146
490;142
437;144
458;139
353;133
287;115
304;127
431;130
393;126
437;125
467;120
549;119
582;119
611;125
666;128
696;135
705;139
661;134
602;134
557;143
535;144
483;142
451;144
409;138
345;138
299;129
311;126
367;119
401;126
446;124
488;120
521;116
554;117
604;115
653;123
698;139
688;135
655;141
627;133
573;135
509;140
498;138
462;143
400;139
357;130
304;128
290;125
359;125
391;124
422;121
466;119
464;122
559;121
609;123
646;128
694;133
707;133
656;138
615;144
559;138
541;143
492;140
446;140
411;140
365;137
313;128
309;126
366;125
409;117
435;128
479;127
547;122
533;119
599;125
642;129
687;133
701;140
667;135
615;140
583;145
547;144
511;144
459;144
434;141
361;134
319;129
295;123
320;127
393;123
421;119
470;123
511;118
588;114
585;118
653;128
739;135
711;140
651;140
624;138
569;144
533;144
501;137
440;141
411;143
353;137
320;128
285;123
336;122
403;123
430;119
467;118
523;117
560;118
597;123
634;126
679;134
731;140
657;135
614;138
571;141
506;143
498;142
441;135
416;142
356;139
336;128
291;128
365;122
398;128
440;123
464;121
527;115
576;121
640;120
681;130
701;139
700;144
645;143
618;138
603;144
540;143
504;142
481;144
387;139
377;139
304;128
303;125
356;128
401;118
448;122
576;119
633;127
576;116
613;124
655;129
688;135
709;138
656;140
635;141
576;144
553;139
478;141
471;141
415;144
368;138
351;129
317;127
341;129
409;127
427;123
467;115
505;115
543;121
578;119
661;122
687;135
695;140
627;143
619;143
591;144
545;144
485;144
429;144
400;141
320;141
308;128
274;123
274;127
384;130
442;122
421;115
497;116
501;112
599;117
641;123
662;134
721;142
656;141
627;142
577;135
544;142
489;144
461;146
418;144
379;139
272;128
301;121
339;118
403;119
422;121
481;122
523;120
545;123
601;121
636;125
692;138
718;141
647;140
609;143
579;144
564;140
483;144
467;144
406;143
369;141
347;128
288;128
347;122
391;118
412;116
484;119
498;118
534;121
583;119
634;128
688;133
736;139
678;142
618;139
589;144
560;144
510;141
454;144
418;137
375;140
320;130
316;122
367;119
416;129
410;115
416;117
487;119
528;123
586;124
629;126
698;133
688;137
663;139
649;139
586;142
511;143
503;137
448;141
432;144
386;137
331;125
316;123
336;124
394;120
429;114
449;121
491;118
544;121
588;118
648;128
691;135
727;142
656;138
608;143
613;144
546;142
587;144
464;145
410;144
381;138
320;128
295;120
320;123
383;123
412;117
453;122
496;114
550;113
594;122
629;127
689;131
721;142
686;144
618;142
611;145
555;144
501;142
486;141
417;142
370;141
311;123
295;119
343;127
365;122
425;122
466;119
493;113
543;115
592;114
640;127
690;134
709;141
669;146
656;141
587;141
557;144
511;140
459;145
420;139
377;137
345;128
295;118
336;122
374;119
427;119
480;118
503;115
554;118
543;114
624;123
679;131
706;142
678;141
625;144
602;148
541;144
497;144
459;144
407;144
365;139
336;128
291;127
336;123
368;122
379;115
461;115
469;116
493;113
595;119
644;126
663;132
671;144
672;136
627;141
575;139
564;145
498;143
453;144
431;142
363;133
369;126
287;121
269;116
353;119
396;115
459;114
529;114
533;115
581;113
586;117
687;128
700;133
636;134
625;139
592;139
496;144
528;142
444;144
446;141
362;131
310;128
269;123
309;118
366;121
332;112
439;117
479;113
527;114
571;117
614;119
682;126
699;140
682;143
627;135
597;141
534;144
497;137
438;143
423;139
380;130
342;131
289;121
324;117
373;117
404;111
434;116
485;114
553;115
566;113
627;122
693;129
703;143
624;144
640;142
592;144
566;145
483;147
464;147
432;145
355;138
322;129
304;122
321;118
363;118
401;111
447;112
484;112
542;112
561;112
613;119
678;130
690;137
668;141
627;141
603;141
553;135
511;138
447;142
438;142
378;140
336;128
313;126
330;118
374;124
409;117
432;112
476;112
537;113
577;113
576;119
679;128
680;140
676;140
619;144
589;131
541;142
527;142
453;144
427;142
380;137
325;128
289;124
303;115
368;121
388;114
450;117
475;114
497;115
550;112
624;119
666;127
691;138
686;144
645;145
577;144
565;145
523;143
408;146
433;149
379;143
325;134
302;125
304;121
332;119
400;117
432;121
485;113
497;112
563;112
637;124
671;134
685;135
683;141
641;142
650;146
551;144
511;145
467;145
430;144
373;141
331;129
310;119
310;123
365;121
400;119
438;116
486;117
531;113
590;119
620;127
656;131
703;141
691;144
653;144
609;144
547;145
544;149
477;144
406;145
387;139
362;130
293;123
305;122
351;119
415;119
448;117
490;115
526;114
580;116
658;127
646;129
694;140
688;140
643;144
623;139
574;144
500;148
479;147
444;147
371;141
357;130
304;125
311;121
381;115
358;112
443;115
489;116
530;112
550;113
631;125
663;135
715;143
690;137
652;142
593;150
566;150
493;145
530;144
439;144
365;139
337;130
314;122
329;122
368;115
390;117
455;113
435;114
508;121
582;117
622;126
670;133
689;141
657;144
643;141
613;147
563;144
503;146
483;149
462;147
390;139
346;132
304;122
289;120
336;125
410;122
407;121
470;113
495;114
583;115
613;122
656;132
699;137
654;144
636;144
606;144
547;144
493;144
482;147
433;144
358;143
358;131
318;124
320;122
336;118
400;113
438;113
482;114
524;113
563;113
614;123
656;128
678;140
677;144
701;143
642;146
637;149
544;145
458;145
432;144
396;142
362;128
300;126
327;121
355;117
339;120
432;114
464;117
496;112
573;112
592;119
677;131
717;138
693;144
624;144
625;144
567;149
509;145
479;145
490;147
420;144
365;132
308;123
304;120
363;119
399;117
416;115
558;113
531;115
559;117
623;123
647;130
690;139
773;138
647;144
597;144
568;147
527;144
495;145
434;144
425;144
342;134
325;128
322;115
277;119
402;116
433;116
475;117
499;110
576;116
617;124
650;130
688;137
673;142
631;144
592;144
582;147
528;150
464;146
439;148
400;143
368;142
318;131
303;123
338;118
396;119
412;116
465;112
502;113
576;114
609;122
663;128
683;141
749;143
666;142
624;146
573;144
529;147
484;145
433;144
389;139
377;137
320;122
335;119
293;121
370;117
415;114
463;112
496;114
560;117
614;122
660;128
701;137
688;141
671;144
610;144
560;146
535;147
494;147
434;146
449;144
338;138
326;126
310;119
337;119
373;117
409;115
479;112
486;112
566;118
592;123
665;130
631;139
687;143
677;143
613;144
592;147
507;150
449;147
443;146
381;141
342;128
304;125
311;119
353;118
384;117
429;112
466;113
502;113
556;114
627;122
688;129
685;142
728;145
720;144
623;146
528;146
535;153
494;149
437;145
401;144
357;130
309;125
314;118
358;114
371;113
352;114
457;112
501;110
592;115
595;121
656;125
688;138
705;144
681;144
592;146
576;147
531;145
502;144
441;147
385;139
368;133
326;125
336;119
354;115
394;116
432;112
467;112
526;113
576;113
597;123
671;129
669;135
674;144
660;144
624;147
615;144
563;147
495;145
469;145
423;144
354;134
318;128
308;124
357;118
378;117
432;112
432;112
501;112
564;114
593;121
639;128
690;134
593;144
654;145
633;144
592;151
561;151
535;147
441;144
389;144
368;133
322;128
306;123
350;117
375;118
432;116
485;115
506;117
569;117
591;123
639;128
683;138
702;143
656;144
630;147
587;150
543;148
489;151
499;149
423;144
351;140
320;129
294;122
321;122
370;117
393;118
460;112
571;110
583;116
592;119
677;128
658;135
686;144
665;146
654;151
586;147
516;149
502;152
450;145
384;142
384;136
336;127
307;118
349;115
382;115
443;113
477;116
519;112
555;115
592;123
641;133
688;144
704;144
667;145
624;151
589;148
557;145
495;147
446;146
386;144
336;133
330;125
283;114
359;115
370;111
445;112
458;106
496;112
554;113
578;123
640;129
741;141
759;147
680;146
631;150
594;154
567;149
511;154
456;151
417;146
368;141
336;131
291;118
335;115
377;112
419;113
445;112
521;112
541;114
589;122
646;128
681;136
737;144
675;144
643;146
618;147
550;147
529;149
540;144
424;144
385;132
310;122
303;115
330;113
371;113
425;112
441;112
491;113
547;114
578;117
640;128
662;134
720;145
679;143
656;145
591;145
539;150
497;152
449;149
438;144
369;133
328;128
317;114
338;114
369;117
415;115
459;118
501;114
555;114
586;123
635;128
685;137
706;144
681;145
645;157
612;153
565;149
503;150
448;147
437;144
371;135
331;129
304;115
330;119
403;112
413;112
453;112
499;113
537;112
598;121
656;128
686;135
704;135
667;146
625;146
575;151
558;153
555;151
471;150
409;146
347;142
320;128
326;124
345;115
387;113
418;112
466;112
495;113
531;113
595;117
645;128
651;134
693;147
679;151
643;149
607;147
530;152
516;150
447;149
407;144
367;135
331;126
318;121
320;117
451;113
411;113
454;112
486;112
545;112
620;119
631;128
677;133
682;145
687;145
621;147
606;147
558;146
501;150
450;145
417;143
368;132
339;128
328;114
345;117
355;111
406;111
448;112
472;112
561;112
576;121
629;129
658;133
699;144
688;146
629;148
589;147
546;145
535;155
448;144
412;144
369;135
359;127
315;112
320;113
297;113
379;109
443;114
465;111
547;112
587;115
627;126
657;129
721;144
658;144
640;149
611;150
558;151
482;153
497;150
365;144
384;138
346;129
304;117
308;115
361;112
413;110
463;112
494;113
531;113
584;118
633;128
661;131
687;146
688;145
638;148
611;151
496;150
501;151
459;153
413;144
384;138
328;127
331;119
345;113
383;111
409;110
447;112
494;112
527;112
569;121
614;129
713;137
691;144
698;146
636;149
579;149
555;144
520;153
448;148
416;144
389;136
370;128
295;117
320;113
378;115
402;112
430;109
482;113
525;112
565;116
631;124
666;134
682;144
715;145
650;149
575;146
549;150
503;154
465;147
448;144
394;138
352;127
315;113
336;112
371;112
407;111
465;113
491;109
541;112
584;117
623;127
671;137
672;147
678;149
623;150
603;150
560;153
528;156
473;151
427;144
385;137
386;131
295;118
313;114
362;114
385;114
432;112
496;111
529;113
592;123
605;127
657;134
686;147
667;150
641;153
611;150
555;155
502;151
486;153
432;145
389;138
354;129
326;116
322;112
346;112
397;107
448;109
495;107
534;112
666;147
673;146
678;131
715;144
677;152
668;149
607;149
576;147
474;151
497;151
416;141
375;129
334;128
303;118
323;115
343;112
407;113
454;111
443;112
522;113
571;118
601;128
656;135
682;144
661;144
650;148
612;149
566;149
528;147
429;145
432;144
327;140
351;128
335;118
321;112
371;112
391;109
448;109
480;101
525;112
605;119
639;128
638;129
720;144
752;149
609;149
606;150
566;151
496;154
464;151
416;143
387;140
367;127
309;118
321;112
350;113
376;109
445;108
473;105
525;112
585;112
603;127
663;141
705;147
624;144
654;152
594;149
557;154
528;151
473;150
429;144
385;141
339;131
323;117
283;114
384;109
351;112
464;109
463;109
507;117
560;112
611;123
658;130
681;144
693;153
640;151
624;154
576;144
505;158
471;151
421;144
361;138
353;128
301;115
309;112
349;113
389;107
485;109
479;108
501;108
586;114
606;122
649;132
687;143
690;150
661;151
614;153
623;155
529;157
496;145
415;144
390;133
345;125
283;112
303;113
356;112
432;110
403;111
483;110
509;112
560;115
618;121
656;134
670;144
690;151
655;153
595;151
555;160
532;155
470;151
441;142
388;129
355;125
324;112
267;112
368;110
385;105
409;99
477;106
507;111
566;114
615;126
638;128
663;138
681;148
653;151
621;151
582;151
541;160
466;150
432;151
406;136
346;141
320;117
329;107
325;111
384;102
409;102
474;112
531;110
579;121
623;124
633;137
697;144
702;155
656;144
633;147
567;149
517;153
492;150
458;147
394;137
379;128
339;121
289;114
317;107
343;106
413;108
453;110
497;112
549;118
605;121
626;128
688;144
721;149
656;151
607;149
573;150
499;153
486;150
445;144
414;138
375;128
329;116
304;117
343;111
358;111
421;110
478;112
528;110
581;115
609;125
656;130
665;144
656;153
655;151
610;152
573;149
567;155
481;158
419;153
395;143
352;129
326;113
304;113
325;109
357;102
441;108
464;108
517;108
545;112
617;121
637;131
657;142
683;150
665;149
592;148
579;147
439;150
483;148
449;147
407;137
376;129
331;113
287;109
345;104
387;108
378;106
447;106
511;107
535;114
595;123
649;131
688;144
699;150
670;155
606;153
591;153
529;148
483;149
450;146
396;135
334;128
329;114
288;109
368;103
386;106
405;103
464;105
516;106
551;115
579;119
627;132
657;141
698;147
592;147
677;151
595;149
519;157
469;147
451;146
400;143
350;131
336;116
285;112
327;111
401;109
413;103
448;106
492;112
558;117
613;124
614;129
673;142
655;151
643;149
627;151
572;149
530;155
482;146
437;144
406;138
378;128
251;114
275;105
339;105
370;109
441;105
448;112
507;107
557;112
576;123
688;133
675;142
688;153
656;150
651;158
547;155
507;155
495;149
403;142
421;134
366;126
329;115
293;107
338;107
368;101
411;109
467;105
484;108
570;111
583;121
605;130
641;144
701;151
682;153
565;156
582;157
557;148
506;154
449;145
368;138
380;128
351;118
304;109
343;112
407;106
405;109
456;103
505;111
566;113
592;126
642;130
673;141
701;151
659;151
611;157
596;158
554;157
502;154
437;145
412;137
367;130
335;119
278;111
320;106
373;103
391;107
459;106
506;107
564;114
597;122
651;128
654;142
719;149
656;155
618;155
579;155
530;154
503;152
443;146
428;138
375;128
344;121
230;112
330;110
350;109
415;107
475;106
492;109
559;117
603;123
645;130
661;141
705;149
667;155
643;154
597;157
561;157
523;154
462;145
411;135
374;128
363;118
306;106
318;106
382;106
409;105
446;110
544;112
557;113
592;129
620;133
677;144
692;153
666;155
645;157
592;160
528;158
489;157
453;145
411;139
357;129
401;118
315;111
333;110
379;107
368;105
464;105
482;108
560;115
601;121
633;132
662;140
697;154
665;149
637;160
588;159
533;158
498;153
469;147
409;142
369;129
336;119
335;112
325;110
368;111
426;109
437;108
500;111
554;112
603;125
617;131
663;139
706;153
674;151
642;156
582;158
551;154
490;153
474;148
445;135
389;129
368;118
285;110
353;109
338;106
402;112
443;105
528;105
562;113
592;123
644;131
656;140
677;149
635;150
652;155
607;155
624;158
496;150
450;144
405;135
369;130
359;119
314;112
310;109
379;103
426;107
446;109
506;106
534;114
598;117
635;126
685;139
690;149
689;154
642;161
605;153
553;153
493;154
446;146
419;140
426;131
333;119
307;111
287;108
359;107
404;106
449;106
518;112
531;114
592;119
619;128
660;139
720;147
672;157
640;157
594;153
565;155
497;155
433;144
415;139
389;129
351;119
302;111
320;108
315;101
413;110
473;110
491;112
546;113
599;128
627;129
662;143
705;154
688;151
643;157
613;155
576;158
528;155
463;148
411;139
389;129
321;118
320;110
320;105
355;106
406;102
441;104
496;109
544;112
592;113
614;130
663;142
693;150
691;155
661;155
642;155
570;158
510;153
479;144
416;144
401;133
353;119
304;111
320;105
378;110
400;106
432;103
475;107
493;112
589;125
609;129
665;139
688;151
688;157
618;153
611;159
569;157
510;156
515;144
422;139
381;128
340;116
334;110
328;112
355;106
398;106
423;103
461;109
499;114
565;122
599;128
655;141
659;150
682;158
645;157
597;159
509;157
498;153
413;144
432;138
411;126
365;117
294;109
323;105
351;102
394;102
419;104
485;106
575;113
582;112
625;122
637;137
716;147
689;155
647;155
611;157
575;155
523;155
461;151
425;144
394;131
366;115
304;112
320;107
353;107
390;102
408;104
510;109
517;112
591;122
609;128
619;140
711;149
688;160
655;155
597;157
550;157
520;157
468;144
431;139
371;132
339;123
320;112
305;102
336;107
432;103
442;106
480;109
533;112
574;119
628;129
647;139
702;150
685;158
634;158
539;158
566;160
530;158
467;149
416;143
394;128
362;119
308;111
320;106
365;108
384;103
442;103
481;104
528;112
583;111
661;128
650;139
705;147
701;157
661;159
626;159
564;159
511;156
491;147
432;137
400;131
307;119
307;112
298;107
353;107
400;104
435;105
479;105
537;113
576;122
622;131
639;140
690;155
674;162
639;161
592;163
567;161
483;157
482;150
419;144
400;134
363;124
333;112
314;110
367;106
370;103
441;102
480;109
553;112
464;122
615;127
639;141
693;151
689;157
656;162
624;161
564;160
528;153
487;144
429;139
401;133
365;124
294;111
309;103
334;101
394;107
449;106
469;109
528;112
574;119
608;132
653;140
678;151
692;157
657;161
624;155
578;162
529;158
464;154
425;142
413;134
368;128
318;113
300;110
340;107
373;97
457;107
491;107
582;110
565;117
605;128
627;142
681;146
641;160
654;159
614;162
582;161
467;155
495;146
436;141
385;128
374;120
318;112
311;109
352;106
415;104
446;99
476;106
517;112
547;119
592;127
668;141
686;155
698;165
662;165
607;157
583;161
518;153
492;153
438;141
404;133
367;122
243;112
311;103
347;98
384;101
448;101
467;106
526;117
485;120
635;127
656;139
669;150
692;160
649;160
623;160
575;155
543;157
464;149
431;142
403;134
368;121
346;112
322;105
341;101
368;102
432;97
493;105
554;112
573;118
610;131
637;139
726;148
703;154
653;158
610;157
602;160
534;155
406;145
371;140
403;132
368;119
319;112
306;103
325;103
378;102
398;100
477;105
510;110
569;116
610;129
624;138
669;147
689;159
652;157
592;161
573;160
527;150
483;147
462;141
400;131
357;121
324;111
302;98
400;102
395;101
431;102
465;105
523;112
555;118
601;125
656;137
685;147
709;156
655;159
610;159
592;158
533;156
493;144
417;143
405;133
355;122
320;113
300;107
349;106
400;99
433;101
456;105
523;111
571;116
574;126
639;133
688;145
701;160
646;155
624;160
582;155
544;149
471;146
434;141
401;135
377;124
340;115
283;106
343;101
375;102
433;99
483;97
496;107
576;112
607;126
641;141
663;146
701;157
669;155
609;158
577;162
538;158
469;149
434;144
398;131
372;121
323;110
305;105
327;102
376;106
426;99
478;105
530;111
569;117
595;128
631;139
667;144
709;158
647;160
624;159
567;160
541;160
495;154
436;144
391;135
324;126
343;112
301;97
337;101
369;99
418;99
473;102
525;109
562;114
598;122
628;135
638;147
693;162
676;162
650;162
587;165
560;160
465;150
434;143
398;129
399;123
333;111
290;101
356;96
394;99
387;97
464;99
535;101
555;116
576;127
625;140
673;150
717;157
661;161
629;159
578;158
576;160
484;148
445;141
409;133
384;122
333;112
230;101
358;105
373;102
425;102
481;109
493;109
562;117
610;123
614;135
676;149
718;160
677;159
622;160
592;161
537;150
505;146
460;144
412;135
384;127
332;114
305;103
347;105
391;101
388;101
474;99
520;110
576;112
603;123
621;138
672;150
705;162
687;163
623;162
567;165
525;157
519;155
435;144
431;141
389;126
336;113
287;101
335;101
358;99
413;99
483;106
498;112
530;120
582;126
613;140
677;147
720;161
670;160
630;161
576;159
528;158
502;147
449;144
425;131
391;123
349;112
285;100
343;104
385;99
401;100
439;105
510;113
562;122
591;125
634;139
643;176
618;172
654;159
631;166
591;161
550;149
496;151
450;138
411;133
314;121
384;109
285;101
314;99
378;102
381;99
442;99
492;106
554;117
585;127
642;139
654;150
708;161
683;159
667;164
585;163
524;161
488;154
455;144
413;135
401;128
352;112
314;109
257;101
370;90
423;95
485;103
491;110
560;117
588;124
639;142
656;144
693;155
701;163
657;163
582;155
559;160
495;153
463;144
434;139
400;126
343;115
291;112
326;99
387;99
418;98
462;99
498;111
555;117
583;119
625;134
652;146
707;158
670;163
638;149
603;161
541;158
483;151
453;145
407;137
389;128
329;114
243;103
265;97
417;99
420;101
467;99
485;109
553;113
570;127
622;138
669;146
717;161
695;160
667;160
608;170
543;158
494;152
447;144
413;138
364;128
364;117
310;98
304;103
384;102
411;101
467;97
535;108
556;112
590;128
624;133
654;144
720;160
699;158
624;171
612;162
545;155
501;151
468;141
432;139
390;126
336;113
309;103
338;102
374;96
397;100
432;101
490;109
546;122
566;127
603;131
647;140
710;161
688;158
658;162
602;163
550;159
522;147
465;139
418;133
393;124
328;115
289;103
317;97
369;97
433;97
495;94
485;110
539;112
541;126
622;142
655;147
709;162
682;165
659;162
609;165
614;161
481;155
464;143
429;139
381;121
326;115
297;100
321;101
384;98
400;96
444;100
471;109
541;114
575;124
614;134
643;146
717;163
689;162
638;163
595;165
561;164
511;157
459;145
442;133
409;122
333;112
318;104
313;97
342;96
400;100
449;99
477;108
528;115
557;125
606;137
660;144
727;160
699;165
625;172
610;163
570;160
493;149
449;145
464;131
387;128
365;112
286;103
333;94
368;102
370;98
441;108
499;107
522;115
576;125
601;137
645;144
711;161
688;167
642;162
613;159
563;157
507;150
459;144
421;134
392;123
365;112
292;102
320;96
363;93
414;100
432;97
479;107
528;114
565;127
603;129
646;149
681;155
678;161
661;157
595;159
576;160
562;151
464;139
416;139
384;125
352;112
321;95
303;95
371;97
400;97
432;95
479;108
534;112
563;128
621;133
630;144
656;155
695;162
645;163
592;159
541;157
499;145
466;143
419;138
390;128
329;112
333;99
293;93
336;91
381;97
432;95
484;105
528;113
563;121
583;128
644;143
685;163
681;169
633;165
587;163
560;159
522;158
464;144
416;133
443;123
363;113
306;98
307;97
342;92
372;96
496;98
457;103
528;114
578;123
619;137
638;145
629;157
675;163
639;162
606;167
549;161
501;151
464;144
431;134
384;127
343;112
357;99
305;97
335;94
384;94
419;97
464;103
530;112
543;125
597;138
639;144
681;159
693;170
623;166
596;163
558;160
530;157
475;144
435;141
365;127
355;118
317;99
317;98
320;99
395;99
432;98
478;111
522;116
567;128
603;133
606;145
679;154
634;161
711;166
602;163
534;160
516;157
448;144
432;144
390;131
345;117
309;106
304;103
348;98
368;100
430;103
482;112
533;115
576;127
602;135
645;144
720;161
721;167
674;171
611;174
582;166
524;159
470;144
449;139
416;128
359;112
266;107
293;99
341;101
385;103
432;103
474;112
544;119
576;128
592;135
642;146
705;157
702;167
670;166
616;165
561;165
506;157
462;147
427;141
351;127
349;117
314;106
269;96
288;96
400;97
432;102
485;108
475;112
557;119
565;138
633;144
690;161
701;160
640;163
612;162
560;165
504;156
483;138
435;139
432;129
387;117
319;104
369;98
334;96
387;96
428;99
470;107
526;113
560;125
655;143
659;144
688;161
707;167
647;161
605;166
559;159
507;155
481;144
446;135
336;129
386;114
314;100
314;97
359;94
391;93
447;98
431;106
519;106
547;125
592;133
642;145
675;158
706;171
657;167
613;167
574;160
528;155
495;147
450;140
431;131
370;113
336;94
276;94
334;91
387;89
439;96
449;103
502;112
566;124
587;137
645;147
688;159
721;164
673;167
608;170
559;162
480;155
448;147
449;139
400;129
368;117
321;106
330;96
358;93
435;91
431;94
405;102
432;112
576;123
597;131
649;145
676;158
689;171
682;171
630;170
576;167
521;155
496;148
444;137
417;128
374;112
341;99
303;95
297;96
387;96
407;101
496;103
505;114
576;126
602;139
630;144
697;152
721;169
652;168
602;172
551;164
527;153
486;145
451;139
400;130
320;121
311;107
293;97
336;98
399;95
448;99
486;110
508;118
560;126
582;132
640;143
713;151
656;166
677;165
602;170
585;164
519;162
482;147
433;142
415;128
384;117
336;107
302;98
347;95
367;96
423;100
448;110
498;117
557;126
585;137
632;144
698;158
720;165
679;161
614;166
587;163
544;154
464;147
448;141
466;130
364;119
337;103
301;96
346;96
389;93
438;96
464;106
582;113
566;121
592;135
618;144
677;161
698;163
687;169
635;169
570;167
510;158
489;148
448;135
433;123
400;112
395;106
298;99
329;95
383;97
425;99
481;110
525;113
560;126
592;138
693;144
660;160
713;172
613;169
619;169
591;163
538;159
511;144
455;139
448;129
362;115
345;110
271;97
349;96
385;97
426;100
461;106
528;114
496;125
601;137
627;144
691;155
707;170
698;174
624;167
559;166
541;155
482;145
470;141
437;128
368;117
331;106
305;98
335;97
368;96
417;98
463;112
526;113
558;126
611;132
631;144
688;157
717;174
677;175
618;171
587;163
533;154
493;148
407;143
419;131
358;125
323;107
309;95
365;97
384;96
402;98
469;109
495;115
561;122
581;134
642;144
697;155
720;167
688;167
626;168
579;164
543;158
503;149
461;139
416;128
387;119
343;107
313;91
325;92
374;94
410;97
480;108
510;112
561;128
599;131
615;144
671;150
735;173
695;170
655;173
595;170
530;165
491;150
461;144
406;131
470;117
339;110
299;97
320;98
384;100
420;102
464;109
519;112
605;118
580;128
619;144
666;156
706;171
681;171
625;167
591;169
557;161
499;154
459;143
410;130
382;113
322;105
299;94
354;96
365;98
417;99
483;107
495;118
549;127
587;133
607;144
651;157
711;169
664;174
623;173
583;169
555;160
448;148
455;139
432;131
410;119
319;106
278;94
325;98
368;97
402;101
464;108
511;112
553;123
568;132
603;144
667;156
691;167
665;169
631;170
605;162
553;155
487;151
467;143
432;128
393;119
339;108
301;94
320;93
357;95
393;97
446;107
494;113
546;122
573;131
628;144
656;159
714;171
695;176
644;173
606;170
568;162
499;146
455;142
434;128
386;114
340;107
282;97
317;95
368;91
425;93
464;106
521;114
535;121
577;129
657;144
688;155
709;171
688;174
565;172
601;166
506;160
494;150
464;144
445;131
405;121
369;102
298;95
317;90
357;96
419;97
471;103
525;112
543;119
579;129
617;139
661;151
667;166
699;170
630;173
603;167
555;162
523;150
470;144
434;131
395;121
351;109
328;93
322;91
383;93
411;97
464;106
499;112
554;122
573;131
631;146
675;159
695;165
679;173
627;169
592;163
528;158
531;151
493;144
448;130
379;117
347;108
312;94
308;92
371;92
437;93
451;101
496;112
541;119
589;129
611;141
662;153
688;166
699;168
607;175
557;169
612;160
497;154
488;144
437;134
399;122
349;111
311;97
314;91
382;91
414;98
422;101
511;112
519;122
577;133
619;144
644;157
707;169
703;172
640;173
654;163
576;157
507;145
474;141
447;128
402;128
380;105
311;96
320;91
363;90
411;97
443;102
521;112
545;122
570;131
631;144
637;158
635;168
663;171
642;176
617;165
555;163
477;145
470;141
431;128
386;120
356;109
311;95
382;83
340;92
406;93
496;102
493;112
560;119
581;129
620;135
673;151
715;169
694;170
624;174
592;168
578;158
545;150
493;141
436;128
388;116
351;107
336;95
345;92
355;96
414;96
437;101
496;112
571;121
562;131
606;144
691;155
713;166
711;170
640;171
624;171
560;157
532;149
487;140
463;130
387;119
367;107
335;102
310;97
357;99
411;96
458;103
496;118
592;125
576;133
624;144
656;158
690;167
701;172
672;176
605;170
563;164
517;151
496;144
448;132
400;118
355;110
384;98
304;87
341;94
426;96
448;106
497;112
539;122
581;128
612;139
644;153
704;167
711;172
639;174
608;171
579;164
519;151
491;141
453;130
397;121
366;110
356;96
282;93
350;93
407;90
473;106
485;112
551;119
595;133
609;144
639;153
698;163
721;167
657;170
619;169
576;165
530;150
484;145
455;134
400;119
371;114
322;98
335;92
359;91
400;99
438;101
484;112
546;121
575;134
613;139
673;153
711;167
724;174
642;175
604;170
557;163
518;154
494;141
458;135
418;124
357;111
329;97
334;93
350;90
443;95
438;101
469;112
569;119
581;131
624;149
685;155
699;165
701;176
661;171
611;175
544;162
509;154
475;144
455;135
399;117
347;110
320;91
310;87
345;91
400;95
449;99
496;112
551;115
560;131
640;144
675;153
704;166
722;174
646;170
597;165
595;161
533;153
480;144
459;134
423;122
391;113
306;99
304;93
362;87
412;97
455;103
494;112
538;121
559;128
613;143
682;155
688;171
699;175
565;153
528;143
560;160
531;155
505;144
505;131
405;117
378;109
343;97
320;90
371;86
410;95
455;106
496;112
516;119
566;128
599;135
647;149
656;163
710;173
646;173
593;170
587;166
527;155
479;144
475;137
407;115
375;101
336;96
307;85
361;90
407;97
451;109
469;111
528;117
559;131
576;135
642;151
675;171
718;179
663;176
624;174
585;165
519;157
496;142
464;134
464;121
352;112
323;93
285;88
359;93
410;97
448;103
495;110
539;118
573;131
596;144
656;159
684;165
716;167
662;174
613;171
583;163
528;156
509;144
500;135
411;119
394;109
341;95
305;90
373;90
388;95
489;102
487;112
509;120
557;132
577;142
596;153
708;170
691;170
643;174
656;170
590;163
544;154
487;141
454;133
407;122
381;113
334;99
326;94
347;91
439;91
427;100
464;109
507;115
564;125
582;138
627;149
691;159
720;174
662;173
663;173
581;161
539;160
481;144
431;128
406;114
384;110
336;91
320;95
352;90
391;94
436;105
486;111
507;117
576;134
595;143
635;151
665;160
711;177
687;174
637;173
562;164
531;149
508;144
476;132
416;114
400;111
337;95
293;89
315;89
402;96
439;98
483;112
526;118
538;129
561;142
642;150
660;155
720;173
670;171
633;173
585;162
527;151
517;151
483;129
419;123
391;112
333;97
295;86
349;90
400;95
445;102
467;108
503;113
549;128
577;139
658;149
666;179
715;173
674;173
622;172
584;163
550;150
490;144
464;131
422;119
389;110
331;96
327;93
339;90
371;92
426;103
500;111
504;118
547;128
579;141
629;154
709;170
714;177
663;174
605;175
576;163
523;156
501;143
450;129
449;118
381;110
398;102
290;90
379;88
387;91
441;99
478;111
518;119
565;128
607;138
656;152
688;163
717;171
673;170
661;169
592;159
528;153
510;144
470;134
448;121
375;107
331;97
324;91
354;92
390;89
435;97
464;106
527;115
527;128
543;135
609;147
688;157
688;173
690;175
624;167
576;160
511;154
523;144
446;138
433;126
368;112
345;96
315;91
413;90
397;94
429;101
449;111
542;114
553;128
577;130
627;151
673;165
721;173
666;171
624;175
574;163
527;153
467;141
461;133
432;121
390;107
327;96
302;85
347;84
389;91
446;99
455;112
528;116
554;128
592;138
635;152
661;159
720;173
671;173
609;169
576;160
549;157
496;144
465;135
445;114
359;102
342;94
299;83
342;92
373;92
426;98
487;105
527;115
547;128
586;139
624;146
671;159
729;173
683;175
631;167
592;163
567;151
517;144
463;134
434;128
384;109
357;100
319;86
366;91
365;92
414;98
422;106
501;115
546;124
577;138
686;148
695;161
743;174
675;176
625;165
590;164
565;145
529;145
439;133
444;123
400;112
336;103
302;83
343;91
371;96
445;96
477;110
529;116
545;129
601;142
633;151
679;165
719;176
668;176
635;174
602;161
563;156
504;144
455;133
431;119
400;109
363;97
310;83
331;90
385;93
461;97
482;106
494;117
548;128
592;144
624;149
688;160
725;175
679;176
639;173
599;163
567;155
511;144
487;135
441;121
400;111
356;98
308;90
343;86
386;95
422;101
483;111
526;117
535;123
579;139
622;151
654;161
733;176
654;175
623;171
528;164
577;154
538;150
481;138
455;127
395;112
347;97
308;87
338;85
384;93
443;101
446;111
496;113
543;127
590;139
631;149
625;159
693;175
673;174
653;174
589;158
560;151
478;144
480;131
438;119
389;109
338;98
310;85
321;83
399;90
387;98
451;106
489;115
496;126
591;137
617;154
656;161
758;174
688;173
651;170
589;166
551;157
531;140
464;138
463;121
395;112
353;97
320;82
310;89
368;89
427;94
464;105
499;112
542;122
576;128
605;146
687;161
704;175
677;176
630;176
624;160
551;158
518;144
465;129
448;119
411;112
343;98
303;97
344;92
374;90
392;97
448;109
515;114
538;125
560;139
592;154
684;160
695;173
686;176
634;174
618;174
564;160
534;145
487;139
427;123
400;112
354;100
322;86
323;86
371;97
403;96
436;110
487;113
493;128
557;139
614;152
655;166
697;176
701;178
652;176
604;170
560;160
511;148
483;136
457;119
407;112
337;101
327;86
336;86
361;90
407;99
508;107
498;112
533;126
562;142
639;151
638;162
661;176
686;175
623;174
624;157
569;151
499;143
491;132
432;121
401;111
361;97
304;89
320;85
387;91
430;96
476;105
495;115
540;128
560;139
615;150
704;163
702;174
693;177
656;176
611;167
576;155
507;146
496;133
475;125
410;112
357;99
299;91
323;83
330;90
403;94
456;107
498;112
535;124
570;134
640;147
665;162
673;176
688;177
642;176
624;171
517;160
526;150
461;135
463;128
463;112
368;102
322;89
341;87
336;90
422;101
453;110
502;118
541;127
555;142
624;152
658;166
701;177
688;177
641;176
609;170
554;154
524;149
485;135
437;115
400;112
369;103
323;91
304;87
383;94
416;99
463;107
411;119
528;128
610;139
622;150
663;162
700;175
673;180
654;175
620;169
561;158
532;147
494;139
432;128
416;112
385;103
352;91
326;89
341;93
407;100
463;106
482;113
509;123
558;139
592;149
640;155
690;176
688;185
656;178
621;174
570;165
523;151
509;137
451;124
402;112
352;94
327;94
349;87
365;93
403;101
451;109
451;118
542;128
562;144
622;156
658;165
690;176
720;185
657;179
616;170
576;162
525;149
496;141
457;127
404;117
381;106
305;94
327;89
381;95
363;100
432;108
496;118
523;129
565;142
611;149
656;162
625;173
704;177
673;176
645;170
592;165
526;154
486;144
463;128
414;115
371;108
336;94
308;90
364;89
417;99
469;103
432;114
542;129
562;135
631;150
640;155
709;173
703;178
656;175
605;170
566;159
570;145
503;139
447;124
411;111
386;101
345;91
301;82
369;98
402;101
449;106
470;114
459;128
560;139
545;150
626;163
707;173
689;176
672;176
646;166
571;160
525;147
499;141
448;127
405;115
381;103
320;91
322;83
352;92
399;99
453;111
490;115
531;127
587;137
594;145
655;156
625;176
715;180
683;176
629;167
562;160
538;148
527;138
457;131
439;112
374;106
336;96
315;87
366;92
396;99
436;108
466;112
534;128
558;131
595;147
641;159
749;173
727;178
659;176
619;169
567;155
549;154
501;135
448;126
398;112
350;103
311;87
314;89
362;87
409;98
432;103
526;112
498;126
554;135
576;149
651;159
659;175
690;177
665;176
618;173
562;163
518;151
527;138
483;128
419;114
363;105
335;90
327;86
367;86
413;96
438;99
493;114
519;125
545;135
613;144
647;160
707;176
694;179
661;176
624;173
566;160
558;147
506;135
442;123
426;112
363;107
331;90
313;87
361;86
421;97
352;107
452;113
506;125
576;137
583;145
645;161
686;169
727;176
720;175
635;165
596;162
549;151
524;143
468;128
401;112
383;107
335;97
318;89
369;90
390;99
382;111
457;114
501;125
587;133
611;144
624;158
673;170
720;176
667;176
629;167
614;162
542;146
496;143
473;126
418;114
394;107
348;90
290;82
357;90
400;97
451;105
464;113
531;124
574;135
593;145
641;157
682;173
705;177
690;176
610;163
577;155
560;145
520;142
479;128
422;112
395;103
344;93
302;82
359;90
400;99
426;106
473;117
528;127
551;131
601;148
626;159
691;169
697;176
668;176
642;171
583;161
561;147
502;138
491;128
486;114
369;103
337;96
317;81
374;86
379;97
434;107
498;114
486;128
544;144
622;147
630;157
679;173
729;179
688;174
622;165
592;157
541;145
532;142
455;128
443;113
383;107
352;96
325;83
347;87
400;94
444;107
462;113
519;125
540;134
597;145
663;156
688;169
715;176
640;176
633;170
592;160
563;155
530;139
446;128
427;114
379;108
325;94
297;82
336;87
384;91
446;103
482;110
501;125
543;133
529;147
639;160
667;169
695;182
656;177
641;171
567;156
524;146
517;139
484;121
430;112
372;106
353;89
323;78
384;90
370;94
412;103
467;110
510;121
543;135
603;146
627;158
671;169
710;180
687;176
640;176
572;163
551;157
517;144
442;130
427;118
385;103
320;92
320;85
327;90
381;97
395;109
466;112
503;127
528;139
559;146
607;159
659;171
690;180
682;178
654;169
592;159
560;148
525;137
459;125
437;112
386;103
329;94
322;84
353;90
395;94
426;102
433;111
493;121
543;138
588;144
626;160
650;175
715;180
699;178
637;174
593;161
547;149
521;141
472;131
430;117
416;105
343;95
313;86
332;86
373;92
418;98
439;112
520;125
553;134
561;144
633;149
665;170
693;184
668;182
644;169
595;161
549;149
530;141
478;128
444;114
384;100
341;91
315;82
336;89
394;94
417;103
468;112
496;125
526;134
589;146
645;159
670;167
679;178
694;176
647;174
589;166
571;153
495;143
499;125
448;117
385;107
358;91
325;83
320;85
365;94
451;102
448;111
491;122
550;133
592;145
637;148
669;172
734;179
673;176
640;174
599;163
566;151
541;138
480;129
432;113
402;103
387;92
320;80
321;86
363;95
435;107
464;112
496;125
528;140
592;148
638;158
669;169
704;177
681;179
645;165
613;164
478;114
445;106
525;131
418;117
391;105
351;97
341;82
338;83
386;89
415;101
453;108
503;125
550;136
591;146
600;155
671;169
757;172
679;177
638;168
591;155
574;154
448;144
498;132
405;118
398;106
346;92
318;82
333;83
366;93
352;98
427;107
496;122
557;134
574;144
610;157
662;171
637;178
687;176
643;171
611;166
558;145
502;137
506;128
448;115
394;108
369;96
333;86
323;81
357;91
402;100
489;112
511;126
515;129
576;146
592;152
656;165
678;178
698;176
627;176
654;166
561;153
523;141
478;127
437;112
386;108
369;86
320;81
349;83
400;96
400;103
432;113
491;121
517;134
574;144
608;155
638;164
682;176
704;176
653;176
614;162
592;154
531;144
511;129
418;117
389;107
315;92
324;87
309;80
381;89
337;98
455;112
485;122
520;133
576;144
621;154
651;166
688;176
691;176
624;172
618;160
559;147
557;144
477;127
446;113
393;106
372;91
349;81
305;80
354;85
382;93
453;109
496;123
526;134
577;144
615;155
669;166
685;175
711;178
651;161
582;157
598;142
541;137
489;129
445;113
426;101
396;94
320;81
315;84
304;93
401;106
454;112
491;128
510;129
614;144
627;153
654;165
699;174
689;177
636;169
603;162
619;151
528;143
484;128
442;115
384;105
313;97
317;83
306;82
336;87
402;96
443;109
474;123
498;134
558;144
624;155
681;165
678;179
697;179
673;173
581;165
566;148
510;144
490;129
453;112
437;109
270;88
325;81
317;81
364;90
412;98
432;110
496;120
518;134
605;144
621;160
625;173
673;185
674;182
659;172
595;158
573;155
524;143
482;129
437;114
407;106
356;102
336;89
313;80
369;97
415;97
417;110
462;119
492;138
571;144
611;159
655;169
683;174
720;178
658;165
604;158
555;146
538;137
496;130
458;119
378;111
356;86
305;83
323;81
333;92
443;102
434;111
464;122
571;129
575;144
613;156
624;169
685;176
705;177
667;172
627;160
560;150
530;140
494;125
433;114
391;111
373;91
324;89
309;85
371;89
403;98
469;112
491;119
529;139
560;144
591;157
586;169
675;181
701;179
624;173
602;164
582;153
535;142
496;128
464;119
407;97
369;91
337;83
330;81
326;92
410;95
423;112
475;118
502;135
571;142
634;155
660;164
709;178
731;179
650;176
624;161
579;150
544;144
485;132
461;117
412;110
386;99
353;86
310;87
363;97
428;102
451;112
478;119
507;130
573;143
617;155
630;166
643;176
694;179
669;174
619;165
593;155
553;144
483;129
449;120
415;109
379;98
320;90
364;84
339;94
372;102
447;112
485;119
528;128
559;142
605;150
623;163
664;176
704;182
663;175
611;163
587;162
528;145
493;130
439;119
427;107
384;95
336;86
314;83
361;91
338;98
436;112
479;122
497;139
562;144
592;153
643;167
665;172
760;181
656;174
624;169
582;155
541;144
496;127
480;113
433;107
402;101
380;86
305;82
354;89
385;98
421;109
471;117
500;134
549;144
586;159
653;169
685;178
712;182
668;176
624;163
597;153
560;144
509;134
459;117
402;111
370;96
355;83
315;87
417;94
378;102
421;112
447;123
529;132
563;144
608;151
637;166
685;177
714;179
657;178
618;167
574;157
541;142
505;133
475;116
401;109
374;97
335;91
304;80
367;92
382;96
439;112
462;119
521;137
545;144
630;154
637;166
667;177
719;183
656;176
624;164
598;158
555;144
527;128
469;114
402;110
380;93
354;87
308;80
354;91
400;106
432;111
464;123
495;133
535;143
550;160
640;167
688;175
708;179
657;173
624;165
589;151
540;144
527;128
464;121
415;112
395;97
340;87
294;81
300;88
405;98
429;111
485;117
510;130
539;144
582;154
627;167
682;176
710;181
670;171
630;162
591;150
544;144
511;128
467;117
437;107
379;95
353;89
265;83
334;90
381;97
428;112
475;115
485;131
559;144
583;153
671;170
661;177
720;186
671;175
624;163
533;157
547;144
542;129
469;115
433;111
395;100
352;86
323;81
368;90
375;98
421;110
432;118
497;129
549;144
581;151
571;161
669;177
717;181
655;175
642;166
586;154
494;143
510;134
464;119
501;111
400;97
365;90
313;83
326;91
378;98
476;110
460;119
508;126
565;143
595;154
627;159
642;176
705;183
707;176
663;167
610;156
544;145
423;132
470;122
426;112
403;101
347;88
314;85
327;91
368;97
431;108
458;120
498;134
545;144
618;156
627;167
671;175
634;182
683;177
645;176
615;158
581;144
522;133
419;121
417;100
388;97
317;89
287;81
343;92
432;97
418;110
471;117
476;128
544;140
577;150
628;166
669;176
718;181
675;176
627;165
591;155
560;145
524;133
456;118
441;112
416;106
350;89
318;80
348;89
368;96
403;112
489;118
503;131
546;144
541;153
647;167
661;176
688;181
720;176
651;168
574;155
571;145
503;132
460;122
411;111
385;101
327;93
320;83
339;90
381;98
416;111
460;119
501;133
529;141
592;151
629;164
656;179
714;189
688;175
618;168
624;159
567;147
562;134
461;121
446;109
375;100
355;89
320;80
332;91
391;101
418;108
451;115
498;133
544;141
596;148
579;163
666;177
691;179
679;178
634;167
601;158
566;145
503;133
531;118
436;111
381;101
373;86
324;86
274;93
373;97
411;107
475;126
480;130
528;145
587;154
623;166
650;176
703;182
675;176
634;165
615;155
572;144
509;125
441;122
427;111
399;99
358;86
320;81
322;90
370;101
470;112
453;120
491;127
541;144
597;153
614;167
662;178
699;189
656;174
627;169
609;158
573;149
560;131
466;115
439;112
436;102
352;93
315;86
347;93
383;94
403;104
439;117
480;130
515;142
571;151
614;165
649;176
703;185
681;182
642;174
611;161
576;144
509;135
494;122
443;112
384;95
358;89
320;80
320;86
381;96
390;106
458;115
474;136
550;145
581;155
597;167
667;176
701;177
689;175
658;166
607;151
585;144
538;129
476;117
449;113
400;97
369;90
322;80
342;89
383;94
418;112
449;120
477;129
551;134
578;153
627;167
656;175
697;178
692;174
649;166
639;154
528;149
491;134
492;121
455;111
395;98
379;92
307;83
336;90
378;95
426;107
462;115
492;128
528;141
581;148
623;163
626;174
683;177
699;176
650;169
592;159
571;146
556;134
481;122
455;107
383;102
369;92
318;87
351;82
374;98
405;106
448;117
475;133
533;143
573;155
666;162
642;173
657;181
683;177
645;176
596;159
565;144
523;134
475;117
433;112
369;99
385;94
311;85
322;88
374;95
382;106
449;121
474;132
531;142
569;149
593;164
599;176
671;180
709;179
662;168
608;158
592;146
541;131
496;119
435;111
375;103
359;93
333;84
334;89
333;97
397;107
439;118
477;129
547;139
597;149
608;162
649;174
688;180
687;178
640;174
618;160
592;144
535;130
564;122
445;113
380;100
374;86
319;82
327;88
366;98
432;111
432;114
481;131
528;139
576;150
632;164
635;176
687;180
710;176
657;174
623;159
593;154
542;137
468;123
447;114
398;101
372;89
336;84
318;92
368;96
417;112
430;114
494;130
521;141
570;150
602;165
657;176
684;178
709;177
640;171
627;157
598;146
523;131
481;118
420;103
390;103
356;87
352;85
325;87
363;96
373;106
437;119
455;128
519;142
573;155
592;162
647;175
646;178
700;176
653;164
670;159
584;144
544;134
501;123
455;108
389;98
368;87
322;83
320;86
339;97
437;107
448;113
464;128
547;144
557;152
595;162
656;167
678;177
709;178
645;174
627;160
583;145
547;134
479;123
426;113
432;100
373;94
335;82
294;85
350;96
403;109
438;117
464;128
518;140
576;146
609;166
659;176
691;178
686;176
656;173
640;161
606;144
534;131
439;122
432;117
399;101
384;91
363;89
319;86
339;98
374;105
448;114
473;123
496;138
561;151
604;165
640;173
690;179
689;179
657;175
626;160
578;147
547;135
496;123
461;112
418;102
424;94
342;83
323;87
366;94
379;96
480;114
464;129
542;142
577;153
593;162
625;174
685;179
701;178
647;171
628;162
608;150
574;137
502;124
455;114
419;110
395;98
355;85
333;85
352;96
386;109
450;113
478;130
547;139
594;149
598;161
640;171
671;179
709;176
673;172
622;162
579;147
542;135
480;121
448;112
418;97
375;90
343;83
306;83
357;95
382;107
400;121
421;131
528;141
576;147
603;160
640;173
671;176
704;175
679;169
628;157
577;144
542;139
479;118
483;110
405;95
381;87
336;87
313;87
355;94
405;110
416;117
472;128
501;142
560;147
602;162
625;173
688;177
704;177
689;167
624;157
593;144
493;132
488;123
450;112
418;100
377;93
350;84
323;86
336;98
407;112
443;118
521;133
529;142
560;153
609;164
646;173
676;176
703;179
646;175
629;160
590;148
560;139
511;122
458;112
432;112
372;91
355;87
311;84
362;85
394;108
437;112
527;128
496;144
560;147
618;166
601;176
682;178
698;181
679;173
638;159
595;148
554;134
520;121
481;112
402;101
387;93
362;86
319;85
355;93
386;106
425;115
464;128
528;142
545;150
588;162
640;176
667;181
719;183
659;176
618;162
597;149
624;141
511;128
369;93
316;91
374;90
359;87
302;87
350;95
407;112
450;119
479;128
489;144
562;146
616;162
642;176
694;177
720;183
656;170
739;163
612;153
551;140
519;127
467;117
423;106
396;96
330;89
331;87
347;94
400;105
435;114
486;129
498;144
547;150
624;161
679;170
658;185
715;177
655;173
653;159
595;151
559;141
519;125
459;112
438;98
366;96
359;95
319;85
341;92
383;102
423;117
478;129
506;142
572;150
564;159
620;173
688;176
704;177
677;174
637;159
615;144
570;136
501;125
479;112
459;94
393;92
358;86
304;83
336;94
400;99
416;112
448;126
509;137
560;150
615;167
630;175
677;179
713;182
689;171
634;157
575;148
528;131
518;122
483;112
449;106
368;95
357;90
301;87
336;96
362;103
422;118
452;125
501;141
560;148
592;160
656;174
665;176
704;179
651;173
657;160
586;144
557;131
517;122
446;107
429;98
377;86
317;85
302;84
340;93
416;107
423;113
463;118
494;135
538;145
593;158
617;170
665;179
683;182
673;176
648;163
595;150
560;133
506;124
470;112
451;105
398;87
361;89
323;82
342;92
383;110
420;116
463;128
525;142
549;149
564;157
600;171
666;176
688;176
687;170
652;161
605;145
554;137
519;123
464;116
390;107
398;93
335;87
338;83
321;92
415;102
398;113
461;123
469;138
498;145
589;161
624;169
648;177
691;176
682;175
651;160
597;151
555;133
507;125
464;113
441;97
391;91
353;83
310;85
336;90
401;101
374;111
454;126
497;131
560;146
559;160
624;171
656;177
691;182
665;173
635;160
617;145
537;136
492;119
452;112
458;102
387;94
354;83
301;81
336;85
396;99
450;111
443;125
487;137
545;146
606;157
624;171
608;176
673;178
681;175
629;164
605;145
560;144
580;126
471;112
427;107
400;96
384;93
317;83
317;93
371;103
402;111
435;124
483;131
525;146
560;162
653;171
703;171
689;177
674;170
644;165
609;146
553;141
528;117
481;115
438;93
415;93
307;85
324;86
337;86
342;105
418;109
457;125
474;138
528;148
592;159
618;171
624;171
691;173
688;173
643;161
618;145
554;135
506;121
479;113
428;100
400;93
351;81
321;89
304;89
375;100
371;112
437;123
496;133
557;145
549;157
674;170
639;174
742;176
677;170
629;157
615;146
560;137
531;121
455;112
385;101
415;92
330;86
333;85
323;89
373;96
400;111
448;124
492;138
528;144
589;153
607;167
640;172
688;175
678;171
640;160
633;145
575;135
505;121
468;112
431;101
403;93
365;90
333;85
314;85
368;101
432;111
437;125
503;138
485;144
591;155
602;169
648;176
637;176
683;175
659;160
582;144
560;133
522;112
479;112
449;98
400;94
359;80
321;81
348;89
363;103
336;110
432;124
482;135
537;144
542;159
598;173
633;171
675;175
669;167
657;160
625;146
572;139
533;128
479;117
448;105
397;97
373;88
331;90
329;87
362;98
399;112
441;128
497;141
560;151
595;160
608;172
655;176
685;181
692;169
656;165
609;147
574;138
537;125
445;114
432;107
411;93
369;85
320;86
251;90
374;102
405;112
386;125
548;135
529;142
581;154
609;167
639;174
688;178
718;176
640;164
601;149
559;140
541;128
494;115
442;99
355;92
383;86
341;89
318;91
363;102
368;113
471;125
466;141
529;143
557;161
624;169
646;176
660;173
688;175
664;158
606;150
576;137
519;128
467;112
458;109
394;97
362;85
337;87
314;95
345;101
410;112
439;122
497;139
541;144
554;162
595;167
620;176
691;176
712;176
673;168
637;151
576;139
554;129
507;122
445;105
400;96
382;90
353;86
315;87
384;98
415;107
439;126
438;135
528;143
549;155
609;166
621;173
652;174
691;174
653;163
617;145
583;141
549;119
471;112
437;101
417;97
375;80
350;87
341;89
368;101
397;112
432;129
466;133
485;148
565;160
589;171
627;173
669;175
718;175
645;164
622;147
574;135
535;125
467;113
456;103
401;97
391;83
336;85
336;92
273;103
396;112
428;123
493;134
511;141
585;157
576;168
637;173
671;176
703;176
657;169
528;151
572;141
548;125
505;117
462;103
412;94
405;85
327;86
320;89
349;101
389;109
414;128
465;142
516;144
560;158
601;167
611;169
658;174
701;174
675;162
621;147
569;138
525;123
528;115
477;102
413;98
365;87
333;86
334;83
345;101
402;116
447;125
465;130
528;146
573;156
593;168
624;173
698;176
713;175
669;170
560;147
583;138
529;125
511;114
464;103
418;94
385;89
357;81
277;85
343;99
391;110
441;125
495;133
496;144
560;147
592;164
695;171
673;176
715;175
686;163
628;151
544;138
532;122
539;112
461;108
404;100
296;91
334;91
320;87
325;103
390;112
426;122
499;134
499;144
541;154
605;168
620;174
658;174
700;176
673;170
635;150
582;139
525;128
496;115
471;106
416;97
374;83
337;91
326;86
350;106
400;111
424;123
481;139
534;148
554;154
580;165
624;171
673;176
718;177
670;169
629;160
591;144
562;133
490;121
452;112
430;99
390;95
352;91
314;87
359;103
368;112
424;126
367;138
517;147
561;159
593;170
624;176
659;176
692;173
609;166
637;155
599;143
542;126
492;117
471;111
419;96
402;92
377;87
339;91
357;100
404;112
432;117
464;135
485;144
591;150
576;164
637;172
607;176
703;176
673;162
635;155
589;144
528;128
499;118
467;108
425;99
390;93
354;87
306;89
367;97
401;110
432;122
487;135
510;144
528;158
577;165
646;175
659;176
702;176
669;165
624;154
608;144
544;128
501;121
491;112
441;99
406;94
347;87
303;87
320;103
405;112
420;121
452;134
501;144
550;159
592;165
626;171
689;176
702;177
688;163
640;153
607;142
565;128
494;118
448;106
427;96
395;91
346;87
297;86
400;102
387;112
432;119
398;139
527;147
549;159
585;164
633;176
673;177
722;176
695;165
639;155
592;144
555;128
521;121
463;109
436;100
363;97
368;90
304;89
349;101
373;113
425;123
464;141
511;148
567;158
580;169
637;176
658;176
720;176
683;170
626;157
600;143
555;128
497;119
464;107
433;98
406;92
344;91
314;91
291;100
392;111
459;119
465;132
517;145
559;159
581;169
613;171
658;173
708;179
693;174
614;156
592;146
523;129
528;115
454;109
437;96
409;91
354;89
327;85
339;97
366;111
431;126
452;139
496;144
576;154
567;170
627;174
663;176
663;176
687;167
577;155
591;144
560;129
546;115
483;109
445;100
415;90
354;95
298;87
331;102
379;112
410;123
496;137
496;145
543;155
592;169
603;172
657;176
720;178
698;170
643;157
603;144
550;130
534;113
466;105
438;103
383;95
336;92
336;92
333;101
370;112
415;125
460;133
494;144
532;158
561;167
626;174
651;176
721;176
576;171
651;155
602;144
560;128
510;117
467;109
430;99
402;95
383;85
321;93
325;107
378;110
431;127
453;137
503;144
545;145
586;163
613;172
656;170
703;176
683;166
637;155
667;145
577;131
526;123
483;112
446;102
395;94
336;87
318;89
335;96
382;105
422;122
466;135
490;144
567;153
573;165
622;173
674;176
705;177
693;169
656;156
593;139
567;131
528;122
467;111
438;101
411;96
366;91
334;91
330;99
397;109
416;126
429;135
496;145
564;157
571;162
621;169
650;171
689;177
698;167
656;151
615;144
572;131
543;118
487;112
457;98
400;98
394;88
333;89
320;97
391;112
407;124
462;133
496;144
542;155
576;171
586;171
667;169
690;176
717;165
638;152
605;140
551;129
496;122
474;108
443;100
406;96
384;90
329;87
317;97
380;111
413;128
448;138
502;144
539;161
566;169
624;172
656;176
703;177
701;167
656;153
611;144
571;131
541;116
496;112
459;97
425;90
373;94
317;90
326;94
400;112
432;121
453;133
497;144
535;155
578;173
620;173
688;170
711;175
707;167
665;158
598;144
549;128
531;118
479;110
448;97
400;94
376;96
310;83
370;96
379;112
413;123
451;133
496;143
550;155
567;165
595;169
627;176
702;176
689;165
658;157
606;139
566;127
496;112
496;107
469;96
413;94
368;91
318;95
322;101
367;110
418;121
431;132
496;143
530;159
581;167
593;174
640;171
689;173
699;168
663;158
592;143
570;133
502;119
464;110
470;100
400;96
369;95
319;93
323;97
362;102
417;115
447;130
483;142
521;151
566;162
601;172
628;174
702;176
699;165
663;155
620;142
592;128
523;117
475;108
448;102
390;85
357;92
331;86
329;97
403;108
382;116
481;130
499;144
539;156
587;157
602;166
638;169
679;170
682;170
658;156
671;143
563;130
545;118
481;107
448;101
390;95
389;94
325;94
375;100
381;106
393;125
448;135
482;146
502;158
565;164
611;171
663;170
678;177
643;173
671;154
618;144
576;134
538;119
463;109
441;97
422;97
367;100
347;96
332;93
381;109
400;120
447;131
471;144
551;159
570;165
592;171
644;176
702;177
720;171
673;158
623;142
576;133
521;117
488;110
447;99
411;97
384;95
315;88
324;93
350;106
406;123
449;131
473;144
560;157
565;161
615;168
592;176
713;174
731;167
667;157
617;146
599;133
537;119
490;111
419;99
419;97
320;114
347;126
275;98
348;111
390;112
415;127
477;140
528;154
560;158
624;176
627;169
681;174
697;166
670;155
624;144
567;133
529;120
473;112
448;97
410;93
362;83
330;87
304;91
349;109
388;119
448;131
459;142
498;148
563;159
593;169
630;176
683;174
694;171
663;159
611;139
579;132
528;117
450;106
452;101
402;99
399;91
353;92
313;91
351;105
416;113
427;130
460;144
528;152
589;162
598;171
637;173
662;176
693;168
649;155
597;143
580;131
542;115
498;110
436;98
423;91
339;84
341;89
316;91
342;112
337;121
448;129
496;143
529;155
560;165
593;169
607;169
691;176
723;167
670;159
620;144
596;133
535;121
447;111
463;97
408;93
438;90
355;90
318;86
342;111
399;115
436;131
490;144
519;146
542;162
595;171
618;170
659;176
697;165
673;157
622;141
576;132
562;122
493;113
467;106
427;101
361;92
333;95
269;96
345;109
400;119
411;130
452;140
511;149
559;164
577;167
611;170
662;174
688;170
702;149
610;144
608;127
531;121
476;109
447;99
435;100
367;96
343;91
302;97
331;113
400;123
428;128
464;144
502;151
553;163
593;162
640;171
665;175
685;170
665;163
735;144
582;137
578;128
485;109
464;98
430;93
384;91
333;92
304;98
386;107
400;113
432;132
429;143
522;147
561;159
575;165
624;174
685;175
726;175
657;159
634;145
612;134
553;123
488;114
460;112
414;97
395;90
319;90
301;99
361;111
385;118
444;135
479;139
497;146
519;159
582;164
623;167
685;171
747;172
703;158
623;144
587;139
530;124
523;111
450;103
430;99
370;93
349;95
301;101
343;110
400;119
443;130
469;143
496;155
567;159
576;174
627;169
650;173
720;174
673;155
649;141
585;128
557;119
502;112
475;102
429;98
368;91
330;93
299;90
357;111
379;118
448;134
469;144
522;153
543;163
595;172
629;171
662;169
720;170
663;158
619;141
576;135
509;121
519;112
463;101
417;97
392;91
329;93
304;96
352;105
361;117
426;128
455;141
481;147
546;161
579;170
635;171
647;174
731;173
638;159
635;148
535;133
539;122
533;112
465;113
434;100
393;97
381;91
314;98
339;107
366;117
411;133
470;143
496;146
511;161
576;167
628;168
651;175
731;170
690;150
653;146
592;131
573;118
495;113
442;105
441;99
409;96
361;93
300;94
341;105
399;118
435;133
471;141
503;151
548;160
589;166
611;167
687;176
728;174
702;161
644;146
611;135
558;122
542;111
469;104
439;97
413;95
358;95
299;96
353;106
400;119
432;132
473;144
538;151
546;160
584;167
620;174
661;171
721;175
614;157
634;149
587;135
560;122
491;112
474;103
411;97
403;97
341;90
310;97
339;105
391;117
418;129
470;137
510;154
564;162
560;166
634;165
662;170
735;173
679;157
645;150
598;133
560;121
499;112
473;107
432;98
411;96
364;93
303;90
347;102
368;117
350;128
447;139
496;151
550;160
593;165
622;172
667;173
710;174
709;160
647;144
606;130
571;121
506;112
465;101
444;96
367;102
345;93
304;95
384;107
368;118
409;132
463;144
528;154
530;164
580;167
615;172
653;173
720;174
668;159
639;143
587;129
577;122
529;112
464;101
441;97
401;94
346;92
314;94
346;106
369;118
437;128
462;138
506;153
465;158
572;167
625;170
673;170
715;170
669;162
640;144
597;130
545;124
505;112
471;101
448;95
445;93
336;89
339;93
321;97
383;117
400;128
475;139
507;151
539;161
579;171
611;167
637;176
706;173
689;160
633;146
602;135
537;125
525;113
475;109
454;100
428;96
374;96
303;91
321;102
382;112
418;128
480;139
496;148
528;161
573;166
599;171
654;173
720;174
686;166
655;147
604;135
575;125
522;115
464;108
445;99
411;93
368;96
319;91
333;107
369;118
429;133
459;139
489;151
523;162
584;170
581;173
667;174
694;175
713;161
663;146
633;140
567;128
522;112
511;106
448;102
401;97
351;96
320;98
327;105
378;112
432;129
432;144
505;154
577;164
573;167
590;170
679;173
750;169
741;162
656;150
606;137
587;125
452;112
493;106
448;104
417;95
347;91
323;97
326;108
366;115
413;128
445;139
505;146
547;158
571;163
623;168
659;175
720;173
698;162
666;147
624;132
602;124
500;110
471;101
427;101
407;91
366;98
320;96
314;107
390;112
437;126
463;138
517;149
547;159
588;166
604;170
653;173
716;169
688;160
624;147
595;139
561;125
543;112
496;103
457;99
413;97
373;99
320;97
318;103
375;115
402;130
464;144
519;148
489;161
561;167
607;169
637;169
698;163
688;161
637;144
621;134
596;125
545;115
492;108
445;102
461;98
378;93
277;94
323;102
372;115
401;121
441;139
486;153
535;162
561;169
581;170
658;171
697;170
702;162
643;145
619;135
567;127
549;115
536;112
454;105
422;101
358;97
325;101
306;109
353;112
397;129
464;137
533;147
549;160
576;166
615;170
655;171
720;175
750;161
665;147
624;135
598;119
545;112
493;110
477;99
432;97
384;99
320;96
329;102
403;115
432;129
449;138
496;147
534;159
577;162
605;165
655;171
685;167
715;164
662;146
613;139
592;129
539;112
500;107
447;101
426;99
388;96
239;95
293;101
347;115
421;128
452;138
523;150
507;155
558;163
603;167
649;169
707;171
720;168
666;144
639;143
586;125
544;113
503;105
446;97
438;95
372;95
349;97
288;102
371;117
395;128
448;141
470;146
510;149
565;160
605;161
644;176
688;171
697;170
667;151
618;139
596;126
566;117
511;109
448;103
464;101
376;92
325;95
318;99
367;115
401;128
448;140
497;150
517;160
559;163
617;167
639;166
699;171
708;162
643;153
613;135
582;124
527;115
473;109
464;101
411;97
384;96
329;96
305;105
334;117
408;129
448;135
474;154
554;163
592;167
592;172
643;174
699;175
704;163
659;151
621;142
583;126
507;113
496;110
454;106
403;98
383;99
336;97
317;106
342;118
405;128
433;137
477;151
517;155
560;163
592;161
628;172
695;168
715;161
677;144
645;137
570;128
469;116
507;105
471;101
432;99
395;97
336;97
320;99
353;112
404;124
462;138
505;145
496;161
544;162
611;162
625;171
679;167
718;160
679;147
630;133
585;123
510;115
497;109
451;99
434;97
388;96
388;95
319;100
349;114
400;127
433;138
476;146
523;157
567;162
588;157
641;163
688;165
720;160
658;144
642;133
554;121
534;112
490;109
471;97
448;98
394;94
353;95
332;103
359;117
403;128
464;135
462;150
479;158
535;163
605;161
668;166
676;171
723;161
673;149
634;137
670;125
543;113
501;109
465;103
432;99
406;99
334;96
314;104
357;114
384;120
498;141
470;148
546;158
570;165
580;166
650;171
686;167
747;159
657;148
640;141
587;128
539;112
510;109
457;103
449;99
384;97
336;96
316;103
342;112
411;127
419;135
464;147
526;154
543;163
582;161
666;165
679;167
730;162
679;148
619;139
586;131
551;117
525;111
483;101
415;102
411;96
323;98
316;106
348;112
418;125
432;140
486;149
483;157
560;159
599;166
641;167
682;162
719;161
682;146
633;139
576;125
522;116
490;105
481;97
433;98
375;96
336;97
310;94
336;113
397;125
435;135
486;146
519;158
553;163
596;170
640;171
677;170
720;163
676;153
631;138
591;129
585;115
506;112
455;100
436;98
385;97
336;97
293;95
371;112
370;127
420;139
462;144
500;155
550;163
592;163
637;166
683;163
710;166
705;150
590;133
583;123
511;114
506;112
475;102
434;99
322;97
364;94
304;98
355;112
371;125
424;133
463;146
494;155
499;161
576;161
624;162
679;161
722;161
678;145
641;134
590;124
528;118
520;102
461;104
433;98
400;94
321;98
322;103
400;114
406;125
419;137
477;148
496;157
530;162
578;162
619;165
688;166
719;165
671;149
638;137
603;126
553;114
503;107
451;101
438;99
371;99
354;98
292;100
353;114
378;127
375;135
501;146
493;160
555;166
578;162
631;165
679;163
717;161
699;145
646;137
583;128
551;112
528;109
467;101
447;98
400;99
346;98
323;97
337;112
415;125
417;133
467;146
503;157
543;163
579;164
624;165
696;166
719;169
682;146
654;137
602;128
553;114
565;111
465;100
435;98
453;95
365;102
305;97
336;112
373;127
436;139
469;153
498;160
528;161
634;165
592;160
669;165
731;165
618;147
623;137
605;128
555;114
537;109
467;106
438;105
384;105
386;98
294;101
346;112
373;123
414;138
458;144
502;155
528;159
590;166
607;166
678;167
720;166
682;147
635;137
624;124
631;115
523;109
464;111
432;101
374;98
359;102
297;101
333;114
377;128
415;132
452;146
539;156
547;161
579;163
627;163
656;165
679;163
686;150
625;137
624;126
589;117
516;110
465;105
422;103
401;101
336;100
299;100
329;112
371;123
451;138
449;144
466;154
560;158
586;160
617;166
666;167
739;163
693;154
624;144
598;130
565;118
522;111
475;105
432;99
403;99
298;100
299;99
310;112
395;126
414;134
459;144
481;154
539;158
583;162
605;163
657;162
705;164
672;144
637;133
555;125
576;113
496;107
478;108
435;103
377;102
355;100
308;97
