591;238
579;222
528;103
482;55
432;43
410;42
400;42
448;48
525;53
547;63
578;69
619;77
658;79
714;80
752;83
805;86
783;80
736;71
722;62
642;61
618;49
566;46
545;43
483;31
448;31
386;34
421;37
448;48
485;53
499;64
594;67
597;71
637;80
675;85
759;80
794;82
759;82
738;74
704;64
665;59
619;50
593;43
531;38
503;37
446;33
407;32
420;41
439;48
477;57
555;59
576;71
606;77
654;80
676;83
734;82
773;91
779;82
763;73
716;64
647;58
606;51
576;46
560;44
483;35
431;32
423;29
419;39
446;48
480;54
527;64
566;65
613;75
640;77
687;85
752;86
814;84
803;80
752;73
703;65
683;55
614;48
580;46
547;39
499;33
439;32
386;32
409;41
437;47
491;50
547;63
585;69
639;75
662;78
699;82
738;84
807;87
784;80
726;73
701;66
656;54
629;51
589;45
560;39
495;33
451;35
418;33
410;37
426;47
492;50
509;64
579;64
619;75
624;80
704;83
739;86
779;84
803;80
761;70
708;63
684;59
634;49
573;48
533;38
537;37
471;32
432;32
432;37
451;46
496;51
539;64
576;71
631;80
652;80
697;82
743;82
790;89
796;80
735;75
715;64
673;55
634;48
599;48
544;42
495;36
432;33
425;33
411;42
419;45
528;55
529;62
573;66
621;77
663;82
691;86
742;87
781;86
806;80
755;74
737;66
667;54
629;49
609;48
563;37
521;36
450;35
418;27
419;38
432;48
491;48
518;61
561;67
637;69
656;79
701;80
747;82
798;86
784;80
779;70
713;65
669;57
640;49
610;43
567;38
509;35
441;34
430;33
395;33
432;41
475;48
525;56
552;64
593;68
642;81
688;81
731;82
737;81
784;80
752;75
707;64
673;54
615;50
592;46
533;37
493;33
455;31
400;31
337;36
434;43
496;50
528;58
560;65
610;67
658;79
684;82
746;82
752;79
779;78
741;71
723;63
686;56
627;48
569;43
539;39
500;34
463;27
400;29
390;39
460;46
496;53
521;61
567;65
623;71
630;80
676;80
731;83
791;81
802;82
755;72
714;64
675;58
629;49
599;42
560;42
496;38
443;33
419;33
384;37
453;45
458;56
531;64
560;65
614;75
653;79
688;83
715;82
775;83
810;82
768;74
711;61
670;61
634;53
578;45
554;42
518;39
460;39
422;39
397;35
449;45
448;48
521;60
583;64
600;74
639;71
704;82
732;86
763;82
798;82
750;78
730;64
677;56
623;55
622;44
558;38
492;38
433;34
419;35
381;32
435;43
462;51
521;57
560;70
610;73
642;80
689;83
747;83
784;83
781;80
767;75
739;66
684;59
625;49
629;48
550;39
526;35
448;37
402;34
393;39
436;46
496;53
526;61
542;69
596;74
637;80
698;81
747;81
775;81
801;82
784;76
739;69
679;57
660;53
611;48
560;39
506;38
464;33
419;30
403;36
432;45
451;50
506;61
560;65
598;71
652;77
686;80
733;82
774;82
777;80
777;70
719;64
693;59
639;48
611;48
563;43
499;36
464;37
426;34
397;39
432;45
480;51
526;63
544;65
597;69
643;78
656;83
731;81
751;82
801;86
779;74
742;66
671;60
634;51
587;48
541;40
528;35
457;36
429;32
390;33
464;48
459;49
507;60
583;64
640;70
642;79
688;81
729;84
759;86
810;84
779;75
734;66
688;61
640;48
611;46
563;41
533;33
478;35
418;35
396;35
423;43
460;49
496;60
559;64
589;71
656;79
672;82
715;82
779;85
793;82
774;77
751;70
690;64
650;54
594;48
563;43
507;38
469;35
432;37
390;36
450;48
471;49
510;64
546;65
608;75
656;79
677;82
747;84
766;83
831;81
768;75
725;65
675;53
657;54
606;45
570;42
509;43
466;36
434;34
403;35
427;47
477;50
496;59
570;66
589;74
639;80
659;84
713;85
774;87
825;86
784;78
732;66
688;59
650;51
615;43
577;41
529;37
486;34
448;35
400;37
431;48
476;51
526;63
576;64
614;67
656;77
688;80
726;80
752;80
813;81
799;76
743;64
698;57
670;50
637;48
568;46
542;38
500;34
459;31
412;33
439;46
455;48
496;53
560;64
589;73
624;79
673;80
699;80
770;83
823;86
791;80
747;70
704;63
665;54
638;48
567;44
546;41
476;39
410;34
397;35
430;43
453;54
511;58
559;64
592;73
634;79
668;80
719;80
789;82
822;85
810;75
755;64
708;60
672;57
605;50
581;41
537;35
477;33
448;35
379;38
432;48
480;49
496;62
567;66
627;72
650;80
695;79
738;80
791;80
816;80
775;76
749;69
688;62
662;56
649;48
588;39
531;39
480;41
464;32
408;35
417;43
474;48
499;58
581;65
624;74
646;79
658;80
721;80
751;83
816;82
783;75
722;70
722;59
645;51
649;47
557;43
528;37
495;38
455;31
405;37
407;42
463;49
496;60
560;67
590;74
611;79
669;80
720;82
754;81
809;83
784;78
754;69
709;62
667;59
623;48
579;38
539;39
470;37
457;37
409;32
427;38
453;48
522;58
551;66
614;73
624;77
692;81
718;83
774;82
816;86
767;75
750;69
713;64
656;51
605;44
551;44
533;37
465;36
451;35
420;35
403;45
464;48
528;59
555;65
643;69
654;78
658;85
713;80
775;83
816;80
797;77
753;67
703;60
685;55
624;48
576;42
565;39
523;37
471;34
405;35
426;45
466;48
497;55
560;63
576;77
643;75
688;80
718;80
753;83
786;83
810;78
751;65
693;58
667;51
625;42
597;43
560;38
487;39
474;34
417;32
422;42
458;48
528;54
556;64
589;69
649;77
671;80
725;86
781;80
814;87
784;80
775;69
716;64
658;55
631;49
588;46
545;41
499;35
463;38
418;39
400;46
471;55
510;62
543;66
593;70
626;79
674;80
731;84
752;83
813;81
815;77
753;69
720;61
675;55
630;48
594;48
543;38
497;38
449;37
400;34
430;43
467;49
511;58
518;67
584;69
637;77
662;80
725;81
768;82
816;83
802;80
770;69
709;64
677;59
625;48
624;45
538;42
530;38
466;34
425;38
429;47
470;49
505;61
557;64
610;72
607;80
686;87
712;85
766;81
816;83
805;80
785;69
733;59
663;55
652;50
592;45
544;41
505;37
474;36
429;36
436;41
448;48
495;58
560;63
576;69
634;76
672;80
699;81
749;80
819;83
813;80
778;70
723;59
671;49
639;48
595;45
560;38
499;37
464;35
433;37
414;47
464;48
505;58
544;65
573;71
642;74
671;81
717;81
786;87
803;85
815;80
781;66
747;62
688;59
656;49
606;45
585;38
546;37
455;37
415;36
420;42
464;50
481;57
550;62
609;69
603;77
683;80
717;81
769;82
816;85
833;76
774;69
738;64
698;56
656;48
596;48
567;44
534;37
429;38
441;35
410;42
455;48
523;58
537;64
592;69
603;76
677;80
720;85
784;83
810;82
816;80
778;70
746;66
682;63
654;49
621;48
566;45
524;43
482;44
419;35
432;41
451;48
527;57
542;64
587;67
624;79
661;82
720;82
749;85
810;86
813;80
781;74
742;61
691;58
640;48
599;43
583;41
507;47
494;41
422;38
432;41
450;50
497;59
536;66
581;72
609;75
677;81
725;81
759;82
827;86
815;80
782;71
719;62
688;59
682;53
633;45
567;41
530;43
491;39
416;39
416;45
429;51
501;59
577;65
588;67
646;80
686;80
720;82
767;83
814;82
841;79
799;67
726;62
707;57
657;49
618;48
572;45
526;41
482;39
445;35
401;42
433;48
494;60
560;64
578;72
655;78
686;83
705;84
759;86
794;84
822;81
786;73
731;64
708;54
649;49
601;48
574;43
528;39
483;39
437;42
408;44
446;50
523;57
525;60
603;68
623;73
670;80
720;81
737;81
815;82
811;80
765;66
731;64
704;54
646;49
610;48
566;39
523;41
480;39
437;38
397;44
454;51
472;62
541;64
597;71
590;77
649;80
702;80
742;80
786;82
832;77
778;69
726;62
688;55
636;48
627;46
566;42
528;39
479;37
458;35
400;42
451;49
496;54
522;64
572;71
621;77
651;80
722;80
747;81
788;83
826;80
784;70
739;61
711;57
665;55
629;47
577;38
497;38
476;38
431;38
400;43
443;48
509;57
546;64
559;67
603;75
643;79
716;80
758;81
784;86
833;80
784;69
740;64
704;53
658;48
593;48
560;45
528;39
506;41
453;36
419;41
449;51
496;59
533;64
537;69
603;74
664;77
707;80
736;82
790;81
827;80
759;71
770;64
698;55
674;51
606;48
579;44
539;38
490;35
438;35
398;41
448;46
482;56
506;64
556;74
595;80
673;80
695;80
738;79
780;80
810;80
787;74
750;63
704;54
640;58
616;48
561;44
507;42
470;37
454;37
406;38
435;49
497;57
535;63
583;67
587;73
641;75
698;80
735;81
783;81
810;81
786;69
729;62
668;58
685;48
610;48
544;43
529;38
464;37
463;35
379;42
415;48
484;49
522;61
583;66
584;74
647;79
688;80
704;77
788;80
805;80
782;74
743;63
699;54
654;48
598;48
571;43
521;39
485;32
398;36
382;38
432;46
442;51
498;60
551;68
582;74
627;80
701;78
714;79
755;80
811;79
737;67
711;64
674;54
643;48
621;42
549;45
525;38
464;35
427;31
378;36
397;45
461;55
523;55
570;65
599;68
614;77
661;75
720;80
763;75
826;80
770;74
735;63
688;54
625;49
608;47
581;40
527;34
471;38
423;31
413;34
394;44
438;51
496;59
528;65
578;73
640;79
681;75
733;78
783;79
796;80
756;65
746;63
688;53
645;49
619;45
555;38
501;34
471;39
421;34
377;36
401;45
457;53
493;62
525;69
582;73
610;74
659;79
701;80
759;80
829;79
784;71
704;60
677;51
647;49
599;43
578;45
554;38
485;41
433;31
368;37
427;44
447;55
480;64
539;65
592;70
661;80
677;80
731;80
760;81
831;80
769;71
737;64
688;58
634;53
594;45
576;48
538;44
475;37
432;36
369;35
412;39
464;50
464;61
534;64
562;69
634;74
667;75
635;80
779;80
808;80
771;71
745;58
687;55
640;42
609;44
545;35
522;42
485;32
432;36
346;35
398;48
435;51
511;64
528;67
574;70
623;71
656;79
706;78
777;81
799;78
777;69
731;64
688;59
645;52
612;43
556;37
502;39
475;38
426;32
393;33
410;40
454;62
506;61
560;68
586;75
565;79
671;80
731;78
754;80
804;81
783;73
720;64
688;57
653;50
624;42
562;43
538;36
493;39
425;35
389;36
378;47
438;50
486;58
534;66
571;69
599;77
640;78
725;79
765;80
806;80
783;70
738;65
704;59
638;48
618;45
566;42
531;42
463;43
401;36
384;42
425;49
466;54
501;62
560;71
577;73
635;74
643;79
709;81
755;83
800;80
789;73
735;64
704;58
649;38
640;45
581;42
541;38
487;39
438;36
369;35
414;47
440;51
519;58
563;70
585;70
629;80
656;79
719;81
732;80
813;82
811;74
746;64
699;58
664;49
627;47
592;32
525;43
496;43
429;41
385;38
400;42
449;48
505;59
511;65
560;77
627;80
651;84
694;84
768;80
806;81
784;75
735;64
711;56
633;51
609;48
574;45
538;42
496;37
453;37
384;35
371;48
445;50
496;55
526;64
587;69
624;77
661;77
717;80
762;84
807;84
799;77
749;63
688;53
624;48
645;48
565;41
539;44
502;42
430;43
379;41
419;44
432;54
495;57
505;69
576;68
617;78
647;78
697;79
757;80
787;80
810;77
729;80
705;59
665;51
656;42
591;39
541;39
510;43
464;45
417;51
415;46
481;55
569;63
528;64
560;70
600;74
656;80
704;80
743;81
813;85
794;78
775;55
721;63
641;53
669;49
578;43
532;43
491;37
446;37
400;41
396;45
448;56
495;61
528;65
540;71
624;78
656;75
675;78
747;80
766;80
771;78
754;64
708;46
603;51
603;47
576;45
535;45
501;39
437;38
429;36
403;48
460;48
505;66
573;65
560;79
621;78
656;81
708;79
739;76
799;81
784;76
767;71
687;60
659;53
643;48
565;39
541;44
547;38
443;41
385;38
403;42
445;50
497;60
524;65
576;74
612;76
657;79
704;80
739;80
772;80
780;75
754;64
687;57
654;52
633;48
594;42
533;39
495;35
447;41
402;38
410;48
438;52
501;55
537;65
560;71
634;75
659;80
695;80
753;81
787;79
785;73
754;59
717;55
683;48
636;45
589;43
545;46
502;39
469;41
410;39
421;45
465;50
501;64
547;70
582;69
614;76
665;80
699;78
715;80
783;80
816;75
772;64
714;55
672;55
624;48
602;48
554;44
501;37
479;39
386;39
406;45
438;50
503;61
530;69
573;74
603;75
653;80
694;80
754;82
800;80
797;77
784;66
726;58
689;53
624;48
602;44
555;44
504;43
466;39
419;38
384;46
427;51
483;61
527;64
571;71
631;76
677;79
691;80
746;81
787;90
801;73
739;65
720;55
675;51
646;43
601;43
566;39
505;40
473;37
400;45
418;46
448;53
496;62
542;64
559;67
595;72
653;77
699;80
752;74
806;81
822;75
777;66
721;58
662;53
656;47
617;48
563;42
498;41
467;37
418;38
409;45
464;60
491;57
557;68
560;71
615;77
641;77
720;81
757;80
801;81
837;78
765;64
737;61
691;49
656;49
607;48
579;42
524;41
489;41
418;44
391;47
454;51
494;64
558;65
565;70
629;78
642;77
714;77
750;80
816;80
833;80
783;65
720;58
704;54
631;48
575;43
557;41
519;41
438;38
423;46
399;43
433;53
473;59
523;69
551;76
633;75
642;77
698;79
752;81
784;80
823;78
762;65
716;64
667;58
665;50
576;47
548;45
537;42
464;44
425;41
400;48
451;53
493;59
518;65
560;69
597;77
657;75
699;80
738;80
799;80
797;80
768;69
741;64
705;55
651;50
607;46
577;43
518;43
459;37
397;37
396;40
417;49
463;58
519;67
544;69
599;74
645;79
693;85
740;80
800;79
806;79
756;65
720;58
656;53
640;48
586;43
596;40
517;39
459;37
426;39
399;38
432;48
471;60
499;65
539;69
612;76
641;79
667;80
735;80
779;81
813;77
756;64
733;63
693;55
656;48
592;48
593;46
522;42
476;41
418;43
375;42
448;51
466;55
519;64
543;73
585;79
646;80
682;80
726;80
795;80
816;77
771;68
725;61
679;57
651;50
608;46
539;45
524;47
465;42
399;46
395;47
416;52
467;61
560;66
543;73
592;75
651;81
694;80
721;80
775;80
815;76
766;66
741;62
688;58
660;49
603;48
554;48
511;42
455;37
422;41
378;41
417;51
469;55
525;64
543;75
603;79
649;78
659;78
746;80
781;80
835;80
759;64
720;62
677;56
651;49
621;48
561;46
519;46
478;39
419;40
368;45
432;48
444;62
528;66
547;72
594;77
653;76
688;80
727;81
783;83
831;80
786;74
743;64
682;53
656;49
581;48
562;46
509;39
486;43
430;41
382;48
410;53
491;51
499;64
555;69
613;69
641;77
690;76
753;80
771;77
833;75
768;64
748;61
690;53
651;47
605;43
560;42
502;41
451;42
416;42
370;43
431;49
465;57
527;64
541;69
589;71
656;70
656;79
724;75
777;80
826;78
790;67
745;63
675;53
646;48
613;46
563;47
529;43
455;45
434;44
384;47
429;51
474;59
501;66
537;76
586;75
654;80
684;78
721;80
768;79
818;80
773;65
752;59
675;53
651;48
602;43
555;42
510;38
464;41
428;41
367;39
405;48
441;51
478;61
533;71
597;71
624;74
675;75
733;79
784;75
809;80
770;73
749;63
692;51
640;46
620;45
569;43
528;42
453;42
429;39
387;37
409;48
466;60
500;62
560;64
588;70
618;74
659;74
710;77
770;77
799;75
784;66
713;62
705;57
639;49
606;42
558;45
539;45
490;43
403;42
375;39
399;48
465;58
490;64
533;69
605;71
627;74
674;75
704;74
777;77
816;73
774;67
751;55
707;54
669;48
610;45
576;42
522;43
470;42
429;45
385;42
408;50
477;59
464;64
535;70
585;74
624;78
662;77
713;79
752;80
802;80
785;66
759;61
711;50
663;51
618;47
559;48
533;46
492;46
437;43
379;45
421;49
449;58
496;64
544;71
591;74
624;78
674;77
720;79
775;80
833;79
801;66
779;60
655;58
663;50
639;48
604;47
541;43
483;46
459;44
384;42
411;50
446;59
495;64
551;64
576;74
636;76
683;78
745;80
757;81
812;77
814;68
750;59
688;55
671;50
633;45
585;43
542;43
475;41
445;37
385;37
464;48
425;53
499;55
510;65
591;73
651;71
667;71
704;78
741;77
797;78
793;66
762;64
687;58
631;50
624;48
579;44
507;46
493;44
421;40
413;42
435;48
438;53
479;64
529;64
593;65
639;73
658;76
698;75
769;80
836;78
820;69
738;64
720;53
643;48
623;44
561;45
563;43
498;43
450;39
402;46
397;49
447;54
501;64
509;66
603;74
630;79
654;79
708;75
758;74
831;80
779;66
736;58
715;55
677;48
635;47
595;46
541;46
485;43
437;41
384;43
397;45
445;53
475;61
511;70
591;70
625;71
624;73
699;77
765;77
776;80
798;69
755;63
720;59
658;48
626;48
593;43
539;42
489;41
448;36
393;39
377;48
434;53
454;61
496;69
574;71
607;71
637;71
707;80
751;80
821;80
783;66
720;63
709;55
654;51
629;48
583;48
526;48
496;42
430;45
398;42
423;51
425;59
494;67
532;71
571;74
624;79
673;80
721;80
750;80
812;79
784;75
729;64
717;55
679;53
617;48
593;45
530;44
487;43
449;43
387;44
399;47
419;53
491;61
526;67
573;71
611;78
640;79
709;80
762;78
812;80
816;73
761;67
709;63
666;49
630;48
574;47
531;42
496;48
435;46
398;45
400;49
447;58
503;65
509;67
575;75
626;74
647;78
720;80
755;75
817;77
807;74
753;64
723;57
672;48
626;45
561;48
555;39
459;43
451;43
400;43
394;48
422;53
486;62
510;69
576;73
622;77
656;77
702;78
754;76
799;77
806;71
746;63
709;62
635;50
627;48
615;47
561;47
502;45
461;44
409;46
399;59
434;57
483;65
507;65
576;72
610;74
657;71
701;75
733;78
786;75
784;71
739;56
729;61
699;51
647;48
565;45
553;42
503;40
448;38
400;41
398;41
429;49
481;60
537;69
591;82
603;70
640;76
682;74
720;79
789;71
791;64
781;63
735;60
640;49
655;49
583;48
542;47
488;44
450;47
405;44
411;48
434;51
461;64
533;69
571;74
612;70
660;75
689;79
747;66
804;75
784;71
751;63
707;51
679;48
622;45
573;45
558;44
505;45
432;42
416;44
398;32
431;55
495;62
528;64
544;67
593;69
657;78
681;80
752;87
784;77
793;71
765;63
706;56
658;48
617;47
592;46
535;46
491;37
439;43
401;44
385;48
438;50
477;65
496;68
581;74
549;78
656;64
687;71
746;80
769;73
832;71
752;64
726;59
683;48
638;47
598;48
592;43
506;39
448;43
423;43
411;45
442;51
453;66
509;66
575;76
592;74
637;76
715;80
740;75
784;74
816;69
768;61
744;55
698;48
647;45
614;43
552;43
495;46
481;39
405;46
401;45
436;50
433;59
496;64
531;65
592;69
658;73
706;75
708;77
796;84
807;76
753;65
718;51
688;48
622;45
591;47
559;46
497;48
445;46
431;48
370;48
435;57
469;54
526;67
546;69
597;70
629;67
709;80
713;74
802;75
823;69
778;66
729;63
700;50
659;45
603;43
561;45
522;45
464;43
368;42
384;43
437;53
479;61
511;64
528;66
603;78
633;73
688;69
747;79
771;75
806;70
752;61
706;58
695;48
638;48
605;41
567;45
506;41
466;47
417;45
405;48
432;51
480;62
517;64
542;74
592;75
639;77
689;75
733;71
800;71
815;69
779;62
713;60
697;54
639;48
615;46
557;43
528;42
453;43
400;43
382;46
425;51
449;64
488;64
552;73
605;69
656;80
710;79
758;78
782;75
796;71
758;64
707;51
703;48
627;45
575;42
560;46
499;43
463;44
403;37
384;45
436;49
434;62
508;67
532;69
603;77
620;73
681;70
726;80
787;69
815;77
775;64
743;60
693;48
633;48
610;42
561;47
497;45
439;43
381;39
372;44
419;48
464;64
501;64
542;64
589;65
624;77
683;73
736;77
784;79
806;79
782;64
742;61
701;48
643;49
594;46
563;42
501;42
457;47
429;42
385;47
427;50
452;64
491;63
546;65
589;71
629;76
658;74
720;79
768;73
818;75
761;64
721;54
709;51
642;48
605;47
551;42
491;45
451;41
413;43
381;47
417;54
461;64
517;65
546;71
594;71
661;73
693;74
720;79
789;73
829;75
782;64
752;61
715;51
639;47
599;46
560;47
533;47
465;48
425;41
372;48
412;51
467;57
523;64
528;65
596;69
634;71
673;75
731;75
763;71
830;77
799;64
704;62
690;50
644;48
618;47
569;48
533;42
486;48
426;43
379;45
419;50
464;61
511;69
527;72
603;75
640;73
688;71
730;75
749;77
815;73
771;62
747;57
699;50
649;49
593;48
564;44
510;48
474;43
447;42
383;46
432;53
478;59
509;66
541;74
599;73
656;73
698;75
715;77
759;78
822;80
787;70
751;63
692;52
652;48
611;48
563;45
507;43
472;41
400;44
384;46
426;51
406;62
474;67
560;65
592;73
614;74
665;74
711;76
789;74
787;77
803;64
752;56
694;48
661;48
623;48
555;48
534;44
454;45
432;43
400;45
423;52
419;57
487;64
538;69
607;69
625;71
681;73
719;71
752;75
809;75
779;64
727;55
707;48
638;46
592;48
573;45
545;42
468;45
434;43
368;46
432;50
459;58
467;63
529;65
607;68
599;69
677;70
731;70
799;71
813;79
791;64
758;55
704;55
646;49
602;48
550;48
511;48
452;47
394;46
377;45
400;48
453;53
471;61
534;71
576;74
624;73
683;70
717;74
771;76
812;77
789;66
737;59
704;50
663;46
628;50
555;48
494;44
471;48
415;38
384;43
398;48
436;57
497;63
511;67
585;67
595;73
673;69
716;75
773;69
817;74
778;64
744;54
688;48
656;45
618;46
574;45
527;46
462;44
386;47
385;47
399;49
460;60
482;64
511;67
583;71
623;69
651;75
704;73
759;70
811;71
789;66
745;58
692;48
671;46
614;48
576;46
525;46
462;43
425;45
379;43
408;48
446;59
461;68
537;66
570;68
631;69
661;74
720;74
757;71
811;71
790;64
737;57
733;55
670;49
629;46
590;48
519;45
460;46
437;48
383;46
390;49
443;55
481;66
526;70
562;70
618;76
658;78
723;77
746;76
800;71
800;66
750;59
688;57
656;48
594;47
587;49
528;46
487;46
431;47
405;48
389;55
449;58
486;60
523;67
550;73
620;68
656;71
718;73
769;73
790;75
795;64
720;58
709;53
674;48
605;47
567;49
508;46
452;48
426;48
388;47
413;52
403;57
493;64
525;69
560;68
619;70
646;71
689;74
755;71
798;70
781;63
720;51
736;50
641;48
583;47
570;46
528;46
492;47
435;48
399;43
409;48
432;61
449;67
544;66
560;67
613;67
651;70
695;70
764;67
801;70
774;64
775;51
688;48
667;47
613;48
603;42
515;42
501;45
432;43
397;45
379;53
422;59
470;64
501;70
587;69
583;75
644;71
720;72
782;75
778;70
794;66
749;59
688;51
647;50
625;47
586;47
528;45
483;43
415;44
389;47
400;49
432;61
503;63
527;64
592;70
604;77
628;71
718;74
737;73
794;66
787;63
752;57
752;49
659;48
620;47
563;48
548;43
465;47
427;45
391;48
395;50
445;57
447;64
536;65
564;72
589;67
635;74
710;69
738;71
795;73
770;66
738;57
708;54
642;48
613;48
578;48
502;44
483;43
432;43
384;46
387;50
469;58
464;63
524;70
555;68
592;70
653;68
703;71
745;74
784;73
783;64
751;58
699;49
691;50
592;48
579;48
559;48
470;48
429;48
400;48
386;52
407;57
464;59
497;67
566;71
611;69
640;75
715;75
763;78
801;71
784;66
721;55
710;51
659;48
620;50
584;48
550;45
486;48
464;48
384;45
393;48
418;55
481;62
490;66
591;69
617;71
643;67
720;73
752;70
779;69
800;66
751;63
671;52
659;48
661;48
594;48
556;48
468;47
445;47
400;45
382;48
414;57
464;63
506;67
537;67
585;69
643;71
699;70
735;74
770;74
776;66
739;61
719;51
665;50
615;49
571;46
522;45
475;48
421;48
394;48
364;48
421;53
462;64
511;67
556;65
606;71
625;70
679;71
756;73
765;76
798;69
738;60
685;51
674;48
618;48
578;48
528;46
487;48
425;48
401;46
384;48
432;57
464;65
499;66
576;66
594;67
650;67
705;69
753;75
782;74
802;67
751;62
734;55
656;54
631;48
619;48
545;46
483;43
442;47
414;47
378;52
437;54
464;64
496;66
556;66
637;72
659;75
688;70
743;75
794;78
805;69
771;61
720;52
675;50
624;47
603;45
531;43
499;48
441;47
406;47
393;49
432;59
464;64
527;64
554;68
607;66
624;69
705;70
715;71
767;69
784;69
752;62
690;54
687;48
627;48
594;48
574;48
481;48
448;46
389;45
384;48
427;53
460;62
502;64
549;65
587;67
643;69
683;69
721;69
768;66
807;69
768;61
723;52
675;49
624;48
577;47
558;49
499;49
430;48
413;48
353;48
415;53
448;66
496;65
560;71
575;65
624;64
684;66
739;73
759;72
783;67
753;59
714;51
667;49
630;49
592;47
558;48
475;41
442;42
402;45
372;48
419;55
420;62
501;67
553;64
570;66
624;67
683;66
710;69
771;66
789;67
765;64
724;51
675;50
622;52
599;48
543;48
477;48
431;48
394;47
366;50
382;58
434;60
490;64
543;64
550;64
636;68
688;70
729;74
754;67
801;69
751;55
701;55
653;50
640;51
582;48
550;49
498;44
449;43
415;43
400;47
399;63
478;64
526;67
540;66
571;70
618;71
689;73
720;74
781;73
816;66
745;59
752;54
678;51
641;48
578;47
560;48
506;48
465;49
419;49
388;51
396;57
437;64
506;66
560;69
579;75
619;70
675;73
720;74
763;74
807;69
739;58
727;54
693;51
652;51
576;49
576;50
497;48
451;47
426;48
369;49
402;58
470;62
488;68
566;70
589;66
627;69
686;73
737;69
767;73
825;70
789;59
731;52
701;49
640;46
593;48
561;47
496;48
432;48
414;48
382;49
410;57
465;64
509;71
519;69
587;64
642;68
669;71
711;71
782;76
797;74
784;65
720;58
670;52
639;55
593;48
551;48
496;48
453;48
441;48
363;50
400;56
434;64
506;64
561;68
589;67
632;68
687;71
742;67
767;71
786;70
765;63
759;58
698;49
642;48
586;49
558;50
496;48
441;47
419;48
368;48
398;55
439;60
491;66
560;69
578;70
626;71
688;73
721;71
751;71
791;69
766;63
734;55
672;52
634;50
613;49
546;48
491;48
446;48
400;49
368;43
388;52
464;58
491;65
517;71
560;71
639;74
687;69
721;74
759;71
807;69
775;62
717;59
682;49
624;49
576;48
555;48
486;46
445;48
414;50
395;49
387;53
423;61
493;64
538;67
574;66
624;69
674;68
705;66
752;70
810;70
754;60
719;54
704;48
655;50
582;48
576;47
516;48
474;48
448;48
383;48
377;53
437;61
484;66
539;64
578;70
623;68
689;71
720;69
742;72
779;70
752;64
720;60
675;51
663;48
613;48
547;48
511;48
458;48
456;46
401;45
407;55
443;62
475;64
535;65
581;65
622;67
661;71
719;72
747;71
779;70
766;64
718;62
686;55
665;51
607;55
554;48
486;48
461;48
412;48
382;48
387;51
439;59
498;60
520;65
575;67
595;62
671;67
710;66
759;65
816;64
773;61
735;52
699;42
656;45
609;48
570;48
507;45
470;44
441;45
405;49
390;52
464;58
475;64
531;63
597;67
613;69
665;71
695;64
759;67
784;71
789;67
741;53
693;50
653;50
589;48
579;48
524;48
464;49
400;49
406;48
400;51
435;59
472;64
528;64
576;64
629;67
666;71
715;64
759;66
790;82
779;65
732;54
691;48
631;48
619;48
550;47
482;50
475;49
431;48
374;48
386;55
449;45
468;64
539;66
563;63
605;66
653;64
705;74
746;68
778;67
810;61
737;55
699;49
667;49
605;44
558;45
499;41
464;46
432;48
389;46
389;51
459;75
471;66
551;67
580;64
612;66
667;67
685;66
731;65
806;69
781;64
734;54
688;51
663;50
607;53
562;48
507;48
449;48
424;46
387;45
380;50
409;63
471;58
540;64
560;60
479;65
647;65
717;64
746;63
762;69
785;64
770;48
701;52
669;49
628;52
581;48
520;42
459;41
410;48
379;47
368;51
433;62
495;65
578;67
565;70
625;68
656;71
726;73
735;65
816;70
784;64
749;59
688;51
656;48
624;51
555;50
535;48
459;48
405;48
365;48
402;50
447;58
472;58
532;64
566;64
619;64
654;65
688;71
750;67
794;71
773;62
737;54
669;49
657;49
624;50
565;48
507;46
461;49
418;49
385;48
400;50
417;58
450;64
524;64
553;64
617;71
656;64
666;63
729;64
783;65
785;64
737;53
698;48
629;49
593;48
544;50
510;47
466;47
421;48
400;48
371;49
429;58
461;63
505;65
557;64
592;65
656;65
685;67
721;65
778;71
784;64
729;60
698;48
659;50
621;48
576;48
518;48
464;48
446;48
384;48
448;52
400;58
486;64
519;61
557;64
610;64
653;66
679;73
742;68
782;71
770;64
721;59
691;50
658;51
613;49
554;48
522;43
466;50
427;48
415;49
403;49
419;58
465;64
494;67
560;64
597;64
656;66
687;67
711;64
766;69
811;63
782;53
695;53
658;48
635;49
588;48
523;51
455;43
430;48
405;47
390;48
427;64
468;62
499;63
542;64
594;65
656;64
708;66
747;67
774;64
807;61
750;58
701;57
673;52
624;48
565;48
547;48
501;48
435;48
400;48
413;48
401;59
463;62
493;64
539;70
599;71
659;69
706;70
736;69
786;73
771;63
720;57
709;51
686;50
600;48
578;48
511;48
490;48
435;49
384;48
394;50
412;57
477;64
517;62
502;64
592;66
643;68
683;67
731;67
786;69
752;62
738;58
694;54
671;48
607;50
592;48
530;49
461;48
441;53
425;49
374;51
413;62
475;64
498;64
535;68
602;64
629;67
672;67
723;64
764;64
803;64
763;59
716;55
657;54
646;53
588;48
536;49
496;48
441;50
406;49
380;54
422;62
464;65
511;61
554;64
615;65
656;64
706;66
709;64
778;65
829;61
752;57
716;51
673;52
635;49
573;48
521;48
485;49
438;49
400;48
378;48
415;59
467;64
529;66
537;68
598;66
656;65
691;68
714;66
774;67
784;69
720;62
691;56
651;52
633;49
578;50
521;48
473;53
438;49
429;49
365;51
414;61
459;64
498;63
541;67
592;65
629;69
693;66
715;65
770;65
807;66
752;60
703;58
666;51
631;49
592;48
547;48
487;49
455;50
415;51
370;52
403;64
465;67
491;67
543;67
583;66
637;68
690;67
725;70
773;69
790;66
755;57
719;57
665;53
640;49
574;48
554;48
467;50
448;51
367;53
384;51
409;57
463;64
478;64
533;65
576;64
630;65
665;66
720;66
775;70
823;64
777;61
723;54
675;54
651;50
579;50
530;49
496;54
451;52
422;52
383;49
407;62
448;62
527;64
555;66
592;65
644;69
687;65
720;64
770;68
798;64
787;59
730;55
688;54
641;50
593;51
547;49
478;50
442;55
406;49
355;48
424;59
466;64
471;64
537;64
577;67
611;63
688;69
711;65
750;67
778;68
756;55
720;55
682;50
643;48
601;48
537;49
479;50
458;50
405;51
349;48
415;62
467;64
509;64
531;64
595;67
619;70
693;66
709;65
777;67
814;72
777;61
716;55
679;49
641;49
571;48
553;49
487;48
464;51
414;49
384;48
417;58
459;63
490;64
534;64
576;64
643;65
683;66
738;70
775;70
813;65
784;57
723;54
661;50
622;49
589;48
539;49
490;53
454;50
401;54
393;53
391;58
465;62
483;64
542;67
591;69
615;73
671;70
720;67
779;64
804;67
752;63
725;54
689;55
673;51
591;48
542;48
486;46
453;49
413;50
379;48
405;57
407;63
484;63
505;64
587;67
624;65
667;67
721;66
768;68
803;67
815;64
710;53
678;54
633;53
601;50
517;50
487;51
458;53
397;54
384;51
387;59
439;63
475;64
511;64
562;66
624;67
685;71
736;65
731;67
803;71
768;58
727;56
669;50
640;52
586;48
539;48
473;52
439;51
430;51
372;48
405;57
432;64
495;64
528;69
582;65
613;64
676;69
720;67
743;71
798;70
784;61
734;52
674;54
656;53
597;49
539;48
486;49
471;49
407;50
349;52
411;61
427;64
485;64
524;64
554;62
607;66
693;65
689;64
759;66
799;69
754;59
720;55
691;53
640;49
586;50
538;48
501;48
448;54
407;49
380;48
419;55
436;61
478;64
533;65
592;65
638;66
670;65
699;67
736;67
773;69
767;67
727;60
662;48
645;51
614;51
539;48
523;48
464;48
410;48
384;48
384;57
439;58
480;64
519;61
595;65
628;66
661;68
670;67
747;68
803;65
769;59
725;53
685;49
640;50
593;48
555;51
510;49
464;51
413;51
373;49
380;51
433;62
486;63
542;65
592;66
631;64
663;64
723;66
757;67
802;68
772;60
717;50
688;48
638;51
577;47
560;50
482;49
451;49
441;48
373;48
397;53
418;59
485;62
523;64
560;64
631;64
672;64
703;64
720;63
786;64
768;59
752;55
699;53
668;50
598;51
570;53
501;51
476;49
396;48
347;48
382;55
435;62
483;59
527;64
563;67
621;64
668;67
691;66
752;64
786;64
765;59
735;55
687;57
656;52
602;51
556;51
506;48
450;48
422;47
384;47
400;55
427;62
483;64
519;64
580;66
624;64
660;64
691;64
743;66
759;64
773;60
727;52
686;54
669;53
605;48
547;50
508;48
466;50
439;51
381;48
400;55
432;61
475;61
486;64
575;64
619;64
656;66
678;67
734;69
786;64
784;64
715;59
693;49
651;54
605;49
530;52
506;49
493;51
443;49
371;50
403;58
429;61
470;61
518;64
566;62
592;64
663;59
691;64
741;64
810;65
784;66
744;54
705;50
686;51
609;49
551;49
528;53
487;50
439;51
369;50
415;56
417;60
469;64
501;64
568;64
615;64
636;64
715;63
742;64
778;64
801;61
739;53
706;52
663;51
601;48
562;50
503;50
451;51
414;53
412;52
387;53
435;63
460;64
523;64
550;64
607;64
656;64
715;66
714;66
791;73
817;63
752;63
707;59
668;55
604;51
553;50
493;52
455;51
420;51
407;48
406;51
411;57
469;62
522;64
570;66
606;70
658;67
719;66
719;66
795;65
794;63
726;57
710;55
661;53
613;50
544;48
515;49
447;51
407;48
370;49
347;53
415;57
455;62
501;61
562;64
609;64
657;67
691;65
735;64
797;62
791;63
743;53
705;55
666;52
630;50
560;53
534;49
475;51
445;52
377;48
383;55
429;58
446;61
510;59
551;59
622;65
666;64
670;64
689;65
783;62
786;61
736;55
705;54
672;57
641;55
571;51
518;51
475;53
449;50
391;50
376;55
405;61
464;62
511;64
559;65
624;64
656;64
688;61
727;64
793;66
799;64
727;58
717;54
688;54
609;56
582;52
532;50
488;55
423;49
383;53
373;50
414;58
459;63
496;63
558;65
595;65
663;64
683;64
725;66
810;66
795;65
734;59
671;54
668;51
603;51
576;53
519;51
478;53
435;51
385;52
384;54
429;62
462;62
505;64
537;64
618;64
656;64
687;63
715;65
771;64
789;64
770;60
704;54
677;54
614;50
576;49
504;54
487;57
438;51
391;53
374;52
403;59
473;60
493;64
545;64
609;64
650;66
689;64
727;65
773;64
781;63
759;55
715;59
678;55
606;51
546;51
528;54
496;51
426;51
413;50
368;54
426;61
471;59
505;58
560;64
585;64
680;64
690;62
720;64
783;66
813;64
738;58
703;58
643;53
624;50
566;49
528;50
491;56
448;54
390;51
371;51
421;60
464;62
521;64
541;64
607;64
650;64
687;66
722;65
769;65
815;64
747;57
700;49
656;51
622;56
551;49
458;49
490;56
432;53
398;30
365;48
399;48
442;63
506;64
533;59
591;59
644;62
671;64
731;64
782;62
790;64
755;56
722;60
671;58
614;49
553;48
528;56
490;54
445;53
432;48
371;51
415;57
453;57
483;63
550;57
624;59
611;62
683;70
736;64
782;66
803;64
753;58
718;55
660;55
613;49
560;50
524;51
490;53
451;49
414;48
341;51
422;62
407;54
500;65
543;62
591;62
637;59
680;60
723;64
768;82
778;59
766;75
695;53
677;48
617;48
576;49
528;48
478;51
429;48
381;48
340;47
395;58
449;57
482;64
547;61
609;64
678;64
686;64
690;64
755;64
777;67
752;57
683;51
675;54
640;54
585;51
528;51
482;64
461;53
402;49
365;45
378;57
438;58
503;61
510;62
566;63
626;66
683;64
704;64
750;64
792;60
747;54
691;54
663;55
622;54
592;51
500;51
483;51
437;53
386;48
363;47
396;55
458;56
482;64
552;64
608;64
626;64
677;65
714;63
760;64
781;67
747;59
719;50
677;57
630;48
585;69
535;48
492;53
466;51
363;50
363;51
410;55
423;55
483;58
525;60
607;64
623;64
679;59
720;59
762;48
784;65
751;55
717;56
686;50
629;51
579;48
531;51
492;68
465;54
416;49
367;50
405;53
442;55
478;64
545;64
559;62
629;66
670;68
720;64
738;48
815;69
768;65
698;52
656;55
639;51
600;49
528;51
496;52
464;54
406;62
355;48
403;57
449;55
471;58
528;61
612;61
618;62
663;62
704;64
737;65
797;64
758;58
731;51
663;57
633;49
585;48
496;49
510;48
447;46
378;48
368;48
418;57
442;55
467;61
535;59
576;62
621;63
659;57
689;59
738;65
826;59
752;58
720;52
702;51
643;50
575;49
534;48
507;51
435;54
427;53
334;48
413;52
442;53
487;54
533;61
589;64
624;64
668;59
691;58
752;63
801;64
773;59
721;53
688;49
656;55
593;52
525;49
503;53
453;53
416;50
383;48
400;52
440;62
458;61
503;64
557;64
606;66
670;63
717;61
739;61
789;64
752;55
719;61
699;66
647;57
581;54
543;56
499;53
446;55
409;48
378;48
375;50
428;57
496;55
532;63
569;61
639;64
681;60
721;64
729;60
791;59
779;58
703;53
683;49
651;50
578;49
528;55
466;51
446;48
394;49
373;49
399;48
431;64
465;61
528;59
582;63
611;62
634;63
719;63
735;64
785;64
758;59
715;59
687;53
633;48
581;48
571;48
496;50
458;48
422;48
354;47
393;53
432;55
474;61
528;61
558;61
635;59
655;60
698;61
722;61
758;65
740;61
722;58
688;54
637;57
592;49
557;51
501;54
470;48
418;50
361;50
382;55
420;62
466;61
511;63
591;64
607;65
640;65
707;64
749;67
780;66
797;60
719;58
698;57
626;55
592;55
533;53
510;53
452;51
407;51
354;48
385;54
425;58
477;62
531;64
581;64
625;64
649;64
685;64
741;64
816;64
775;64
729;54
688;54
646;55
585;49
553;48
500;49
450;52
430;52
381;48
378;53
437;57
448;64
544;64
554;63
615;64
663;65
692;65
750;57
783;64
783;63
720;55
700;55
631;53
589;49
535;51
519;51
451;55
415;50
378;49
377;54
431;53
467;56
496;55
569;64
622;61
653;60
687;62
746;63
791;64
784;59
737;59
715;58
663;55
598;55
559;51
500;55
464;54
430;50
385;53
388;59
431;57
470;62
525;62
573;64
624;64
668;61
698;64
752;64
784;68
767;63
741;58
695;55
663;52
587;53
560;53
509;52
450;53
432;51
374;49
403;55
427;58
464;61
499;63
568;63
624;62
659;64
717;64
723;68
761;63
783;64
734;59
688;57
656;57
607;58
538;53
509;57
469;52
422;53
384;48
384;55
422;58
464;59
518;59
571;63
604;60
655;64
694;62
745;62
799;63
763;60
721;57
707;55
658;52
620;55
560;57
509;57
467;54
414;58
384;51
371;50
421;54
449;59
543;63
554;63
607;57
644;59
681;60
749;63
771;64
769;61
729;62
695;54
656;54
599;52
558;51
496;55
470;54
435;51
399;51
368;55
411;53
425;54
543;64
575;61
613;60
629;61
684;62
698;63
774;66
794;63
725;59
689;58
669;54
592;51
551;51
527;55
475;54
427;53
387;48
384;56
410;55
468;61
514;60
559;62
602;62
640;59
689;64
746;64
753;63
774;59
762;57
709;54
656;59
602;58
539;53
531;56
463;53
464;55
377;59
383;57
414;58
462;61
509;61
575;63
598;62
624;59
667;64
749;62
768;69
773;60
753;54
707;58
670;54
602;57
565;53
528;53
471;57
432;64
377;54
368;51
412;54
446;54
525;60
553;62
625;64
654;64
686;64
725;64
767;64
784;59
739;62
717;55
651;54
608;60
549;51
539;53
479;59
442;54
414;55
384;52
426;55
464;62
506;59
569;64
595;59
647;62
689;61
743;64
752;60
790;66
754;62
684;61
670;56
607;50
562;57
498;59
486;52
462;57
368;52
387;53
383;52
442;54
500;59
560;61
602;64
628;62
675;63
674;66
761;65
788;64
731;60
711;59
658;57
603;54
575;58
554;55
481;55
423;52
393;51
394;53
402;55
454;61
506;59
545;58
598;59
640;64
678;63
750;60
807;64
780;64
759;58
711;55
665;57
593;59
575;56
537;54
465;53
416;53
379;53
368;51
436;53
451;57
496;58
539;63
610;62
631;61
675;60
697;64
781;61
811;64
741;59
717;58
643;59
599;55
564;53
507;56
463;55
427;54
394;51
368;48
399;51
430;53
510;57
553;54
598;59
652;62
670;64
697;60
746;56
779;65
752;60
686;54
672;53
621;50
573;54
526;54
475;51
429;53
401;54
362;51
403;57
450;59
487;59
529;59
619;60
648;60
674;63
733;64
749;65
805;65
751;61
719;55
658;55
613;54
561;57
501;58
496;54
429;53
380;50
354;53
404;53
432;54
508;59
555;61
606;64
627;59
670;60
706;63
752;64
803;64
753;61
708;55
673;55
617;53
557;57
535;62
497;57
457;55
399;53
366;49
402;54
462;53
521;55
553;53
593;61
633;58
693;60
703;61
752;64
798;63
750;58
742;56
655;59
599;58
553;57
527;52
482;55
433;51
382;54
357;49
383;48
447;56
496;57
544;59
595;64
628;63
676;60
726;64
768;64
806;64
764;62
688;55
653;60
611;54
571;55
530;53
499;51
429;51
397;50
352;48
400;48
455;51
496;55
531;57
585;59
635;55
645;54
693;61
726;63
810;64
762;58
711;55
665;56
613;61
574;53
523;60
501;54
417;58
400;51
349;49
398;55
442;56
479;59
530;58
562;58
617;63
667;60
695;65
769;64
816;64
743;61
722;60
669;59
608;53
560;58
518;59
491;58
437;63
399;61
363;55
417;51
435;55
489;55
538;59
582;58
627;60
688;64
675;69
731;64
784;66
762;61
722;59
666;58
628;59
587;53
506;54
479;53
447;51
411;51
369;49
409;53
459;57
479;61
534;59
592;59
627;59
658;61
690;59
754;64
787;66
745;58
715;60
656;58
621;59
564;57
539;60
482;59
481;59
402;54
358;49
390;55
439;56
477;58
533;57
576;63
635;57
698;61
711;61
735;62
786;65
755;62
720;59
656;61
585;59
569;56
550;60
495;59
467;54
381;54
368;50
395;52
432;52
486;59
511;60
576;60
645;59
666;63
707;64
759;61
772;61
741;61
710;61
640;58
611;55
577;60
518;59
475;58
455;59
379;58
373;50
387;53
419;53
475;57
509;59
595;59
631;59
649;61
692;59
726;62
784;64
763;61
736;61
663;57
619;58
579;59
523;55
477;60
444;53
404;54
368;51
389;53
442;53
496;61
537;61
576;57
614;62
657;64
704;62
727;62
782;67
738;64
727;60
672;53
624;59
566;57
538;58
485;58
458;51
368;51
378;48
383;53
433;53
479;54
541;58
586;62
609;64
670;58
734;61
743;64
775;64
751;64
733;62
684;61
645;56
575;58
511;58
467;59
457;55
395;54
368;55
386;49
445;50
479;53
542;59
578;59
602;54
663;60
678;62
752;63
769;68
731;64
718;62
678;64
624;59
565;57
528;57
499;55
429;56
406;54
369;50
395;50
442;55
470;55
543;61
582;59
608;56
662;63
692;62
757;64
783;64
781;64
708;58
656;58
640;59
607;61
541;58
477;59
464;55
426;53
398;48
373;50
442;54
477;58
550;61
555;63
605;60
653;55
720;60
749;64
797;64
767;62
734;60
686;63
637;59
585;57
549;59
506;59
459;51
436;53
369;49
398;50
430;53
459;59
539;58
579;60
609;62
669;60
701;64
751;61
784;64
742;64
747;64
674;56
656;61
579;59
539;60
507;58
467;61
464;59
382;50
368;52
417;53
479;55
528;60
579;58
614;55
656;57
704;54
719;58
784;63
784;64
711;60
672;61
651;58
572;59
533;57
497;57
473;58
414;59
375;55
398;57
448;55
450;53
529;60
576;54
597;55
674;59
686;56
747;63
764;64
787;60
720;58
662;64
625;57
573;54
555;50
503;53
425;59
432;58
355;54
384;53
419;58
470;57
523;55
573;51
635;58
635;58
676;58
706;61
795;63
768;64
768;57
687;59
631;61
592;54
560;59
502;55
496;54
468;48
380;48
389;50
439;53
451;54
523;59
592;55
604;59
641;59
663;62
748;59
768;64
742;62
713;64
682;57
639;64
605;59
546;62
499;61
473;54
455;53
400;49
384;51
421;48
465;53
507;55
563;54
611;55
659;59
661;63
725;62
767;63
773;59
734;58
693;61
619;63
612;57
546;62
511;63
476;57
411;54
365;50
382;48
414;53
464;53
507;55
580;58
621;57
655;59
678;58
723;60
790;63
769;64
733;63
689;52
655;54
585;56
561;61
502;55
469;58
433;54
368;54
381;52
425;54
480;59
535;57
560;61
592;60
619;57
706;61
730;58
752;64
743;64
721;60
704;62
593;64
592;57
554;64
504;57
471;54
416;62
373;52
352;55
400;58
461;58
529;57
555;67
605;58
647;58
684;57
735;65
779;63
774;65
745;64
696;61
640;55
607;64
549;54
528;59
496;56
402;58
386;51
373;51
418;52
457;54
532;57
554;58
586;62
656;60
681;58
750;58
774;58
779;59
732;54
720;60
639;57
614;59
560;57
528;57
478;51
405;60
379;48
374;49
401;49
451;51
498;60
575;61
610;57
617;59
683;58
732;57
759;64
784;64
733;59
692;57
639;58
587;59
582;59
536;57
508;56
427;55
371;48
370;48
419;55
458;59
503;57
545;59
585;57
656;58
670;60
722;60
755;62
787;63
739;63
702;66
635;56
586;61
583;58
528;57
481;51
427;59
399;53
365;51
418;51
449;51
517;50
548;57
592;57
634;58
669;52
731;61
749;59
767;64
771;59
704;61
638;58
611;61
544;58
495;59
473;52
412;54
377;51
361;48
399;49
434;53
495;55
558;53
592;50
635;55
693;53
687;61
748;62
752;65
766;61
702;54
667;59
599;55
567;58
535;61
454;55
410;51
401;48
366;48
403;54
443;57
507;55
551;53
595;51
634;53
671;54
719;63
756;59
765;64
734;62
695;58
641;61
594;58
557;60
518;59
478;57
400;53
379;48
368;51
399;55
467;55
496;48
558;63
592;54
640;54
653;53
689;61
752;61
804;64
743;56
691;64
624;58
594;60
561;62
521;59
483;54
434;61
373;51
349;51
393;54
454;54
508;53
540;57
567;57
611;55
683;51
725;61
753;60
804;64
752;61
694;61
655;59
591;57
559;54
521;57
448;50
432;56
398;52
363;48
400;51
446;53
521;53
545;57
583;55
627;60
661;59
698;59
745;60
790;67
757;61
698;59
633;58
608;59
543;58
519;59
493;60
422;58
416;50
363;51
384;50
439;55
522;56
533;59
613;55
624;59
671;51
726;59
767;63
794;69
753;61
691;61
640;58
597;61
560;61
530;59
494;59
432;53
390;54
360;49
399;54
457;56
491;55
550;57
578;59
625;57
687;53
733;62
753;63
806;67
741;65
711;62
659;59
575;59
567;61
535;62
485;60
462;61
414;52
378;48
401;54
432;55
496;57
557;55
594;53
635;50
670;57
702;60
739;64
801;66
764;61
725;58
656;60
619;57
560;59
528;61
453;59
432;58
400;55
354;48
389;49
445;50
509;55
550;54
595;58
633;62
684;58
702;61
752;64
805;65
754;59
703;63
649;62
607;64
566;59
529;58
499;63
432;61
379;57
368;49
385;51
451;58
486;59
540;55
586;51
633;59
707;55
721;62
754;61
786;64
752;64
703;57
656;59
601;62
566;62
538;59
486;60
465;57
396;51
368;48
400;54
427;55
500;60
567;55
573;55
619;59
672;59
723;61
753;63
800;66
752;64
714;64
672;61
612;59
594;64
543;61
528;59
445;59
398;55
369;49
369;50
455;57
499;60
546;58
585;58
624;59
682;59
734;59
781;61
797;68
759;64
705;62
656;59
631;62
595;64
528;60
479;60
448;58
391;55
361;48
402;51
453;54
505;55
549;57
570;55
621;58
658;54
687;54
759;61
798;66
783;65
689;62
669;59
637;59
563;58
544;61
481;54
458;55
421;51
366;48
402;51
436;55
497;59
549;55
567;54
593;61
651;57
718;55
753;62
784;64
754;61
727;59
667;61
607;62
575;64
555;63
506;61
436;59
423;55
359;53
407;50
447;55
503;53
522;53
592;51
621;55
679;57
703;53
743;61
799;66
783;65
710;55
679;63
618;61
590;61
546;57
498;54
458;58
412;53
384;48
398;51
448;51
493;51
560;54
573;54
627;59
683;63
731;59
743;64
786;64
755;62
734;61
667;61
640;61
594;61
544;58
480;59
471;57
439;54
379;49
412;50
448;48
496;55
556;54
583;55
640;58
655;61
734;56
755;60
795;64
784;63
735;64
678;62
625;63
598;62
531;61
529;64
480;58
442;59
368;50
400;51
445;58
490;55
542;50
578;55
624;58
688;56
699;57
753;62
781;65
784;62
726;64
666;58
643;62
573;62
553;60
499;61
474;58
430;55
385;52
368;51
446;52
483;60
554;60
582;60
616;55
669;58
704;64
758;65
768;70
770;66
754;64
693;61
606;61
595;64
555;58
529;63
496;60
443;57
387;48
400;51
446;50
502;49
551;55
572;53
622;53
651;53
702;51
731;58
773;64
781;64
720;59
671;62
613;63
593;64
547;62
527;58
480;59
419;51
391;48
381;52
459;54
492;49
527;51
579;54
609;55
660;59
706;55
732;59
772;64
755;65
703;61
672;57
611;64
592;62
537;62
492;64
448;61
411;52
393;49
353;49
422;54
483;55
501;53
576;55
609;55
634;58
688;60
747;64
783;64
791;66
726;64
663;63
639;64
594;60
549;62
509;62
479;62
451;63
373;52
400;53
411;54
497;54
531;55
563;52
609;58
677;58
716;55
737;60
784;62
790;65
708;64
691;63
629;59
589;62
556;59
554;61
439;55
420;59
382;49
394;49
432;53
488;51
529;58
576;54
615;54
656;58
687;52
742;64
782;66
767;64
720;62
688;61
663;64
611;64
564;60
518;64
464;64
419;59
397;53
363;48
435;51
489;49
527;54
581;51
595;51
666;54
688;55
741;57
784;64
784;65
727;64
695;57
645;62
592;62
546;64
545;60
475;63
441;58
396;50
384;51
417;53
474;49
554;50
586;50
599;55
660;60
710;58
741;61
766;66
782;65
752;64
701;64
638;62
605;62
539;59
530;63
461;59
435;59
414;53
358;48
441;50
489;50
523;51
562;51
609;51
642;55
673;54
737;59
758;64
776;64
729;61
674;64
649;64
589;63
560;64
478;62
483;61
435;59
400;48
363;51
427;52
485;54
517;58
562;55
611;56
656;52
694;53
720;59
784;64
784;70
749;64
693;64
659;63
587;63
561;62
528;61
475;63
447;59
393;53
388;50
415;49
457;55
525;52
560;54
611;57
641;52
694;54
729;61
771;64
766;66
727;64
689;61
655;63
592;63
562;61
519;61
448;62
413;61
410;51
374;50
441;54
469;53
511;49
560;55
613;54
642;51
676;60
747;64
773;66
783;65
729;64
715;64
638;64
610;63
567;63
522;61
478;61
433;57
377;53
369;50
414;50
471;52
545;48
562;51
601;51
629;53
659;57
725;64
770;64
784;67
746;64
697;64
631;61
597;64
573;64
528;64
471;62
430;54
400;53
371;50
422;51
464;53
538;51
539;56
623;53
657;61
707;64
720;60
784;64
784;64
721;64
688;64
644;64
578;63
546;64
500;62
558;62
447;58
399;50
372;48
418;50
466;50
510;54
567;50
590;51
635;55
693;55
727;59
766;64
784;65
737;64
705;61
641;64
621;63
565;61
555;59
469;54
467;58
389;51
372;49
423;51
445;51
510;50
560;49
613;53
637;54
688;59
725;63
762;65
811;71
746;65
700;62
649;63
603;62
560;64
556;60
464;61
449;56
402;49
343;47
416;48
446;52
515;51
554;51
598;49
667;49
695;52
734;61
753;63
818;64
743;62
673;64
649;63
605;64
572;64
531;63
478;58
438;59
404;47
355;49
405;48
479;50
519;49
550;49
606;55
621;58
679;57
723;64
752;65
804;69
755;64
678;64
656;63
607;64
561;63
525;61
491;58
455;55
382;50
342;47
415;49
462;49
496;53
551;48
592;48
631;53
707;53
726;55
752;64
795;66
727;66
700;64
636;64
622;61
577;64
528;64
502;56
450;58
407;52
367;48
402;49
464;48
510;48
551;49
589;53
634;57
669;51
719;55
752;59
802;64
766;64
688;62
650;64
624;64
589;62
559;64
475;57
462;58
399;51
362;50
400;50
439;53
496;53
561;48
595;51
615;52
656;58
721;60
763;64
805;65
738;66
720;65
667;64
623;61
572;59
518;64
509;63
453;55
411;50
349;48
411;49
482;48
523;53
531;54
582;55
619;57
688;54
718;55
747;64
821;71
741;66
699;61
671;63
624;64
551;64
511;64
500;59
448;58
399;54
384;48
405;49
445;49
499;48
560;48
613;51
617;56
678;55
702;58
750;66
784;69
731;67
690;62
651;64
599;67
576;63
565;64
464;61
452;57
388;48
367;47
404;48
456;50
496;49
559;59
582;50
649;48
665;52
689;53
735;59
789;64
775;63
711;63
656;63
606;64
589;64
531;56
490;63
423;62
427;51
361;43
396;47
466;47
489;53
559;49
562;49
581;49
687;58
691;55
727;64
790;68
781;64
702;64
637;61
617;65
584;64
528;58
471;64
456;63
407;54
366;46
383;47
448;48
520;46
542;48
569;48
624;50
676;53
689;53
758;58
781;65
752;59
689;62
646;63
599;64
566;64
528;65
502;56
443;62
417;50
397;44
396;48
447;48
477;46
496;46
579;47
628;48
687;51
705;58
761;64
795;79
749;64
707;62
656;64
535;59
564;64
559;68
496;63
454;61
413;51
372;48
394;48
453;49
493;50
541;58
578;48
623;47
642;50
691;55
741;62
769;69
758;64
719;64
637;65
623;62
566;63
538;48
448;64
464;57
425;52
336;48
406;48
462;48
474;50
563;52
567;52
610;60
656;53
688;55
754;64
786;73
769;65
687;64
659;61
634;65
582;62
543;64
496;61
433;61
393;50
358;48
385;46
432;47
496;50
534;53
583;49
625;49
656;52
698;57
727;64
777;64
752;64
704;62
663;64
608;64
578;64
535;62
489;59
479;56
430;49
380;44
390;47
416;49
505;48
517;47
567;48
607;48
661;54
675;58
743;62
773;71
672;66
696;64
659;61
596;61
591;64
539;63
464;63
464;58
448;53
365;44
381;48
433;48
495;48
541;48
547;48
613;50
643;57
694;60
743;64
786;71
778;69
701;64
665;64
618;59
607;66
545;64
476;62
448;55
426;48
361;45
383;46
429;48
475;50
528;50
571;48
591;49
649;48
697;54
733;59
756;64
766;59
704;61
648;60
611;63
601;62
522;60
490;62
448;55
399;47
364;47
399;42
405;48
489;50
533;48
576;51
598;51
621;48
682;56
747;59
780;66
758;64
704;64
661;64
594;61
597;62
528;64
515;63
459;55
412;50
378;48
389;46
415;49
463;45
502;45
565;48
588;46
656;53
688;51
747;63
749;67
764;64
697;63
664;60
624;64
592;59
529;59
483;58
464;58
421;50
398;48
387;45
431;47
471;48
537;48
574;48
602;61
637;58
689;54
729;54
769;64
762;64
700;64
665;59
633;62
576;61
523;62
531;61
455;59
432;55
380;48
387;42
409;47
496;46
519;48
565;48
593;47
628;48
678;53
733;58
754;69
789;66
702;64
646;61
640;63
607;64
560;61
510;59
475;61
489;50
370;47
374;46
429;48
464;47
516;49
567;50
576;49
660;49
688;58
746;63
773;64
770;69
721;64
654;66
624;63
603;63
525;63
518;61
483;55
441;55
384;48
398;47
427;48
481;48
546;48
576;48
611;49
631;49
671;54
716;59
770;66
753;69
691;64
676;63
624;64
602;63
558;63
496;64
448;61
432;50
384;49
376;47
407;48
464;48
506;48
557;48
631;51
630;52
702;50
726;59
756;65
778;67
720;65
659;64
631;63
618;64
542;60
526;64
460;61
443;54
395;48
364;46
444;45
461;48
518;49
559;53
581;48
624;50
656;55
707;64
752;63
758;65
713;64
665;64
656;64
607;64
543;64
508;61
478;59
401;49
384;48
379;47
412;48
465;48
524;48
551;48
562;48
643;50
679;52
713;58
768;67
782;66
725;64
686;63
646;60
599;59
547;59
528;62
469;61
434;55
400;49
368;48
419;48
479;49
519;48
556;49
593;49
639;49
672;51
719;59
758;64
777;64
736;64
656;64
649;64
606;64
560;64
511;62
477;61
430;50
391;49
385;47
430;49
474;47
521;48
550;50
591;50
649;50
682;57
721;61
756;68
802;67
747;64
686;64
653;66
624;65
555;66
525;61
461;57
465;56
370;48
384;47
448;48
465;48
518;50
551;51
571;50
654;50
688;57
741;61
762;64
782;69
718;64
679;63
625;64
590;63
560;64
502;64
470;59
422;55
384;50
362;48
416;48
482;48
495;48
544;48
592;51
625;52
683;54
720;62
766;63
791;65
734;64
675;64
629;64
606;64
528;65
487;64
473;64
438;52
372;49
381;46
429;49
485;45
500;46
555;49
589;48
650;48
683;55
718;63
767;66
784;67
722;66
688;69
609;65
617;61
550;67
498;64
487;59
431;54
363;48
371;41
422;48
476;49
522;49
539;49
579;50
615;52
656;55
725;57
752;64
797;67
738;67
699;62
624;64
603;63
567;64
496;64
497;58
428;52
379;48
368;45
401;48
458;48
495;48
544;48
563;48
657;50
685;55
707;61
752;67
793;71
751;66
695;65
655;66
589;66
544;64
517;65
477;58
443;58
394;51
365;48
432;48
425;48
518;49
537;48
576;50
641;49
679;53
723;61
751;64
786;72
736;67
681;67
652;69
608;65
573;65
519;64
503;57
452;59
400;49
373;48
417;47
458;48
499;49
542;48
606;48
625;50
667;55
699;57
755;65
779;73
727;66
704;66
651;65
590;65
562;62
535;64
490;62
448;56
384;48
365;48
421;49
464;49
475;47
529;48
624;48
624;48
677;55
715;60
747;65
806;65
749;64
690;64
640;66
594;63
595;64
509;59
484;61
462;55
394;48
350;45
431;48
458;48
511;48
555;48
585;48
635;50
667;57
719;58
752;64
791;68
727;64
699;64
664;64
623;65
560;66
510;63
496;62
444;48
395;48
399;47
430;48
454;48
496;48
549;48
560;48
638;54
671;57
697;62
737;64
806;76
751;68
692;66
672;69
624;63
573;67
525;65
499;61
433;55
407;49
400;46
403;46
464;48
501;48
518;48
578;50
647;48
674;50
704;59
752;67
772;72
761;67
725;67
666;65
624;64
586;64
528;64
495;64
432;55
395;48
367;48
412;46
473;48
496;49
523;48
564;50
633;53
657;51
711;64
740;66
801;70
767;67
687;67
656;67
605;67
579;65
522;64
501;63
437;51
397;48
370;42
395;45
477;48
519;48
538;48
592;51
647;48
665;53
703;59
753;65
783;67
752;65
704;65
633;67
618;70
577;67
533;64
509;59
463;58
415;51
400;46
431;47
461;48
509;48
498;50
591;48
614;49
681;50
701;59
759;61
781;67
738;70
701;66
671;68
624;67
592;64
551;64
471;61
445;59
414;48
369;47
417;47
449;48
475;48
548;43
576;49
631;51
656;53
709;57
750;65
786;69
761;67
699;65
653;69
625;67
605;65
515;64
482;61
457;56
426;53
383;46
385;45
460;48
496;48
527;48
587;48
629;48
675;58
701;63
720;64
791;71
750;67
704;68
684;69
619;65
555;69
530;63
490;61
431;55
428;49
377;42
389;43
445;48
493;48
507;48
576;48
609;50
640;51
698;59
720;65
775;70
735;65
699;65
657;65
602;66
574;64
539;62
502;64
469;53
417;49
383;43
387;45
466;47
490;48
530;48
562;49
598;47
656;51
684;58
736;61
771;68
763;69
717;65
657;65
635;64
597;71
563;65
483;60
432;59
400;47
387;48
404;48
463;48
483;48
533;48
592;47
614;48
672;50
712;57
743;64
782;70
743;70
707;69
654;68
627;62
579;64
531;65
526;58
479;54
423;49
387;46
391;48
449;45
496;48
537;45
555;48
595;48
629;55
675;59
724;65
759;68
735;70
698;65
662;65
635;64
592;67
544;64
494;58
458;51
414;50
400;48
379;47
430;48
491;48
521;48
576;48
619;49
651;48
691;59
737;63
758;70
766;67
721;67
689;65
649;66
562;66
532;65
476;62
448;54
419;48
384;47
400;48
439;49
465;45
500;48
561;49
603;49
637;50
703;54
730;66
781;67
735;71
709;64
673;64
645;65
602;64
510;64
491;63
446;59
398;56
365;47
389;43
442;45
466;45
507;47
576;48
594;48
641;51
693;55
711;63
770;67
771;64
716;66
690;68
634;64
620;67
570;64
496;62
496;59
432;50
385;46
387;43
427;45
464;48
529;47
551;47
612;48
642;55
685;55
730;64
782;68
779;66
726;69
656;67
655;66
609;65
534;64
506;59
461;53
433;50
389;48
375;46
459;45
496;46
496;47
543;48
624;48
639;54
667;62
733;64
753;66
767;70
755;67
682;64
631;69
579;64
539;63
498;58
487;53
448;48
369;47
400;46
464;46
477;46
523;43
555;48
593;48
651;51
690;55
735;61
782;69
773;69
738;70
707;72
637;69
597;69
539;65
518;64
461;59
442;53
401;47
394;45
453;45
476;46
507;47
529;46
624;49
642;48
682;57
721;64
782;66
769;67
737;69
686;67
635;67
618;65
561;64
519;64
469;55
427;48
381;43
387;43
420;46
490;46
529;48
563;48
605;48
652;50
680;56
723;62
755;69
766;71
720;66
688;67
659;67
609;65
541;65
522;60
475;55
445;53
423;43
398;42
443;48
491;47
561;48
555;46
592;48
657;51
679;55
743;64
763;69
775;66
742;65
688;64
635;67
617;64
560;65
525;62
478;55
425;51
406;48
405;45
435;46
499;46
530;48
551;43
634;47
647;51
692;57
750;63
761;67
766;73
731;70
691;55
626;71
624;68
576;64
509;51
467;54
439;52
389;44
394;39
445;42
464;46
523;45
555;43
586;44
630;49
675;59
703;64
772;67
779;71
721;75
694;67
642;64
607;64
566;67
523;64
489;59
438;50
410;48
381;47
415;43
459;43
517;44
555;48
587;48
653;49
670;54
735;59
757;67
784;75
733;64
691;69
655;64
626;64
575;64
478;64
479;55
454;54
416;48
391;42
432;44
453;44
468;43
566;38
571;48
624;48
674;58
707;62
736;65
769;73
727;71
688;72
729;67
607;71
575;64
496;63
464;58
414;49
418;45
381;42
432;48
472;49
517;48
538;50
656;49
634;53
674;57
698;61
746;71
761;74
742;75
672;79
656;73
610;73
561;63
519;64
470;60
422;51
391;47
368;46
438;38
453;47
519;43
528;48
560;48
637;51
688;75
705;64
745;67
784;66
739;64
693;64
656;67
603;67
563;62
531;63
481;58
437;53
278;45
379;36
426;47
448;41
481;43
547;46
611;48
633;48
675;57
738;57
733;64
784;73
734;73
665;68
659;66
609;68
559;68
534;63
481;58
432;53
425;48
373;41
426;45
448;42
509;45
509;46
609;47
621;49
687;59
708;66
738;70
755;74
751;67
673;66
646;65
592;62
574;64
518;65
521;54
432;50
428;48
403;47
420;43
471;45
496;43
559;43
597;48
629;48
656;53
691;61
738;68
784;75
723;70
717;64
638;64
631;64
562;64
529;63
481;51
462;53
417;48
373;43
435;48
461;48
499;46
541;50
577;47
618;48
641;52
714;58
743;67
780;78
724;73
674;67
640;63
619;64
551;66
526;62
486;54
448;53
403;47
358;37
421;47
439;44
490;48
527;43
592;47
624;48
649;55
688;60
752;64
768;70
707;70
689;67
653;66
607;66
559;66
526;62
471;54
445;51
407;47
398;40
407;43
457;43
467;43
531;37
590;48
613;49
657;51
697;60
748;64
784;73
753;74
688;67
663;69
615;64
570;68
506;61
483;63
443;52
411;50
381;38
408;41
465;47
489;47
509;44
594;47
636;55
679;61
686;64
742;67
781;76
754;68
685;70
621;69
599;68
592;67
553;62
493;59
441;54
423;48
402;43
428;43
467;42
501;47
543;42
591;47
615;51
671;55
719;59
751;68
763;71
727;69
700;69
673;70
671;71
579;64
537;64
489;58
447;53
433;48
418;43
409;45
474;43
495;47
547;43
591;46
639;51
671;57
695;58
721;65
770;70
748;71
695;74
671;67
641;67
576;66
557;64
493;61
448;57
403;48
394;48
437;46
457;47
448;46
511;45
590;48
609;48
656;55
694;64
752;68
768;71
738;71
689;74
663;67
602;73
585;70
527;65
496;53
448;48
423;48
352;38
405;42
455;44
496;45
581;48
592;48
612;47
688;50
688;59
738;69
785;76
762;73
695;71
678;73
629;71
591;66
553;64
523;62
464;53
418;48
375;43
403;44
454;42
490;45
535;48
567;48
623;54
650;54
698;62
758;66
766;76
741;73
718;70
656;71
635;71
553;70
536;65
527;63
466;50
432;49
398;41
414;42
469;43
489;46
555;45
586;47
624;48
658;57
691;62
736;66
799;71
750;72
690;73
646;67
633;69
592;68
523;67
496;59
467;59
429;47
387;41
414;44
464;45
487;45
531;43
575;48
622;48
650;53
696;60
725;64
752;75
725;73
711;72
653;68
661;65
592;64
565;64
518;55
468;54
434;49
370;36
400;41
448;42
487;41
526;42
577;41
629;48
649;53
702;63
725;65
739;73
763;71
717;75
672;68
634;70
574;68
528;64
503;61
464;55
421;48
396;41
419;36
448;42
501;39
483;47
566;48
621;48
651;53
671;62
717;66
768;73
750;77
706;70
679;70
645;70
610;67
541;64
498;59
475;52
430;48
391;40
410;39
451;40
481;44
511;39
591;47
593;48
643;58
702;57
713;64
768;69
741;70
705;73
671;69
624;69
582;66
547;64
506;55
435;50
439;48
385;41
411;43
439;43
442;41
540;46
576;48
605;48
673;55
675;62
723;67
779;74
778;74
720;75
688;71
625;70
572;65
550;64
528;58
461;53
435;49
395;42
403;43
459;45
475;43
523;45
592;47
614;48
637;51
677;60
726;65
751;71
741;73
734;67
663;71
667;66
592;67
573;64
519;60
463;53
420;48
400;42
400;41
439;41
471;46
499;42
555;43
606;48
645;54
677;62
704;66
766;74
722;72
709;67
656;67
618;71
570;72
566;65
523;61
471;55
449;49
410;43
417;36
436;44
490;45
499;44
560;45
603;48
641;50
674;58
732;67
774;72
751;69
752;77
673;69
659;74
572;67
560;64
517;63
473;53
447;48
423;42
407;42
435;46
496;46
496;40
550;48
623;48
635;54
671;59
759;71
754;71
775;75
710;71
662;70
652;71
585;73
556;66
535;62
442;57
455;48
384;43
397;39
442;41
477;42
532;42
582;47
613;50
657;53
694;58
715;64
747;71
755;76
716;71
677;66
656;67
582;70
560;69
529;63
491;55
439;48
414;42
393;45
437;42
475;40
510;47
562;45
609;48
634;50
674;60
727;64
757;73
737;75
720;71
704;73
651;70
613;66
575;65
525;57
471;53
446;48
413;43
377;38
429;39
470;38
532;38
578;44
597;47
670;51
688;59
715;64
769;66
752;74
715;75
687;73
664;73
602;70
564;66
531;63
477;58
411;48
408;42
373;39
445;37
465;37
503;41
555;43
604;48
668;49
672;54
694;63
745;73
752;71
729;69
667;70
689;69
581;65
569;64
500;57
470;54
454;48
409;42
393;34
432;41
485;43
508;42
569;44
589;48
640;53
676;55
705;69
747;70
769;78
730;74
688;71
659;69
587;66
576;67
528;62
459;53
449;48
422;43
395;39
432;36
472;40
510;45
576;48
592;49
654;49
688;59
704;65
734;69
753;72
731;69
713;70
639;73
604;67
566;64
521;59
466;54
442;48
417;39
393;44
438;37
470;43
531;39
561;45
586;47
641;53
687;57
717;64
738;73
778;69
716;68
684;69
640;69
576;67
544;64
507;58
477;52
425;48
402;36
391;38
432;42
464;39
499;43
560;42
575;47
633;53
663;59
721;64
724;67
739;78
740;74
676;73
624;73
583;69
556;64
527;58
481;58
464;49
402;43
391;37
417;38
445;44
496;39
565;45
589;48
640;50
667;54
731;63
743;66
767;73
709;70
705;71
640;74
591;67
554;66
508;60
493;57
463;53
389;43
387;37
425;36
475;45
540;39
561;39
587;47
625;53
677;57
688;64
725;67
784;79
742;71
698;69
657;69
592;68
583;65
528;64
471;54
437;48
406;45
384;36
432;38
464;41
496;37
547;45
591;48
639;50
653;59
699;64
743;70
763;76
738;74
699;73
640;69
586;70
562;64
531;61
483;53
448;49
419;42
355;37
432;42
450;42
496;41
535;44
592;46
627;51
650;55
677;64
744;70
759;76
746;78
673;71
656;77
598;74
568;67
522;64
474;56
461;49
448;39
384;34
403;42
441;39
502;43
545;45
603;48
622;52
655;63
691;67
712;66
765;73
740;71
675;70
635;68
610;66
570;66
533;64
480;57
458;49
396;43
351;39
416;36
452;38
496;43
522;45
547;48
630;49
656;55
674;64
727;66
770;78
736;76
703;76
602;71
608;67
564;67
543;59
479;54
430;50
410;48
370;39
399;35
427;41
505;38
548;43
560;46
617;53
655;53
714;63
726;71
761;78
733;74
693;69
677;68
622;69
576;65
542;59
457;53
438;48
421;47
375;41
414;35
446;39
517;43
558;44
560;45
608;53
658;57
678;63
738;71
764;80
720;78
690;75
672;74
593;71
594;72
534;59
501;55
470;48
420;43
389;39
417;42
457;45
496;39
551;48
571;46
607;49
647;56
697;64
715;69
758;80
740;78
704;69
675;75
624;75
560;69
560;64
478;59
491;51
440;45
400;34
403;38
449;42
491;39
528;43
569;48
622;51
653;58
685;64
737;71
750;80
759;75
691;73
655;66
599;74
592;66
542;64
490;58
439;49
419;39
376;38
411;34
433;38
499;37
544;41
576;48
624;53
656;59
690;65
741;71
764;80
750;78
707;74
667;74
624;70
586;64
538;60
495;51
436;48
421;44
385;35
400;37
448;38
482;43
544;39
571;43
627;52
648;57
697;64
720;67
757;75
741;74
691;74
631;78
624;73
575;67
535;59
499;55
458;51
421;46
379;38
400;38
433;39
498;44
541;43
545;48
622;51
653;54
685;65
720;72
763;80
744;77
693;68
655;68
646;70
576;69
533;62
508;54
450;48
423;42
368;35
422;35
448;39
518;35
526;38
560;45
604;50
638;55
682;60
719;68
758;79
762;73
711;74
671;69
628;71
571;66
550;64
497;59
452;49
429;45
394;38
407;37
449;37
482;38
529;42
568;46
592;49
645;51
709;58
710;70
773;74
757;79
707;78
644;71
633;70
608;69
541;64
521;60
463;48
438;45
401;40
388;37
438;40
464;37
539;41
554;43
577;48
646;55
687;63
720;68
788;79
755;77
695;70
679;71
612;73
587;65
573;51
525;53
456;50
421;44
400;39
414;34
433;35
528;34
528;40
575;46
617;53
630;55
699;64
704;66
752;78
755;76
695;70
661;73
638;71
582;69
545;60
531;55
515;48
446;42
372;31
389;33
432;35
470;41
525;38
557;42
622;48
653;54
660;62
725;71
758;77
756;74
711;71
665;73
619;73
595;75
535;61
503;57
454;48
417;48
423;42
399;38
432;33
459;36
506;44
575;46
614;50
643;54
640;64
721;67
733;80
761;75
691;69
651;75
635;71
591;71
509;58
504;60
464;51
427;47
400;52
417;35
411;36
464;31
530;37
552;35
588;47
648;50
686;61
703;69
723;80
737;77
718;71
656;65
608;71
599;64
537;63
490;54
475;54
416;46
387;37
374;35
432;37
460;38
519;39
572;46
587;55
638;61
676;63
699;64
737;73
751;80
700;80
669;73
641;73
578;67
528;67
498;59
497;48
422;47
400;34
406;34
421;38
452;41
541;44
534;41
599;48
683;65
679;57
713;67
747;71
743;80
720;74
674;75
627;80
611;71
555;65
522;58
458;52
425;45
406;35
389;36
415;39
463;38
529;37
576;47
624;49
609;61
671;59
690;66
752;76
754;80
719;75
679;74
652;69
597;69
571;64
506;62
481;50
434;31
405;39
391;38
433;39
468;37
531;39
535;45
596;48
645;57
652;58
723;68
742;79
747;77
709;77
668;75
611;70
586;64
579;64
528;58
467;55
454;46
429;49
382;32
419;40
462;41
497;42
538;45
603;48
641;53
646;62
724;65
739;73
745;75
721;81
654;70
621;73
610;64
519;62
487;54
433;51
506;48
390;45
385;33
441;37
455;33
496;44
559;47
590;48
628;52
656;61
717;67
737;75
797;78
693;74
688;77
627;73
601;68
554;60
482;53
459;51
448;37
405;38
373;37
434;39
460;39
499;38
569;43
581;45
611;52
658;59
703;66
752;75
755;75
695;73
660;72
619;68
589;69
557;62
523;51
482;48
459;42
403;39
386;34
432;37
464;37
520;39
553;48
607;50
629;57
660;64
698;71
753;79
767;80
731;73
688;77
617;74
587;66
581;64
507;60
492;49
456;48
416;42
386;34
447;35
499;38
503;41
561;45
592;50
609;54
650;64
697;66
743;76
765;75
720;75
720;74
645;75
614;67
550;63
538;58
484;51
448;44
423;36
400;32
433;35
450;35
518;41
555;47
606;50
624;51
673;62
687;67
737;78
767;80
725;80
696;75
639;74
617;71
560;64
523;59
477;51
434;46
411;39
375;33
453;35
449;39
500;43
557;45
595;50
642;49
691;59
706;65
733;71
775;78
733;77
691;77
653;75
624;69
562;64
530;61
497;50
449;45
421;43
368;36
454;41
486;37
528;43
537;42
595;48
643;57
661;65
689;70
743;80
765;80
750;78
690;78
647;71
618;71
574;64
543;58
477;54
480;48
430;39
351;34
455;36
430;42
503;44
542;46
597;50
635;54
656;58
701;69
738;77
781;80
750;79
697;75
651;77
592;69
582;63
546;63
511;51
448;48
410;33
409;35
410;34
432;37
502;40
560;45
581;48
615;53
638;55
703;69
720;79
749;81
719;76
699;80
650;77
585;69
586;68
527;67
525;59
466;46
397;38
373;35
430;39
459;39
496;39
542;44
585;48
613;53
672;61
704;70
724;75
768;82
727;80
695;80
656;77
609;71
566;64
511;59
494;53
459;50
442;45
368;38
410;36
431;36
487;42
529;39
590;48
624;55
671;63
691;69
720;73
781;85
741;79
693;79
622;73
629;76
573;66
517;62
496;54
448;48
422;39
362;30
426;33
464;38
498;45
541;39
578;50
629;55
670;62
675;67
736;79
759;80
737;80
695;77
641;71
632;70
590;64
534;60
500;54
453;48
412;40
364;37
410;38
404;37
491;40
533;45
594;48
613;52
654;55
692;66
735;76
787;81
757;80
717;80
647;77
607;78
579;66
501;63
501;54
465;48
422;39
371;33
429;34
453;32
495;39
543;45
573;48
621;50
671;58
674;66
735;75
779;80
767;80
689;79
640;73
627;71
575;64
545;58
489;51
465;48
423;35
370;33
402;32
455;33
475;39
548;43
581;48
619;49
665;58
677;67
745;74
777;80
763;74
720;80
656;75
624;71
587;65
535;62
499;57
475;48
430;43
386;30
400;32
453;32
485;35
532;42
565;48
603;49
651;63
675;67
737;79
759;81
763;80
704;80
663;75
617;72
575;64
545;61
503;50
461;47
414;44
398;27
416;32
458;41
471;35
539;39
587;48
631;51
650;62
683;66
717;78
768;80
750;79
685;80
655;76
592;75
574;64
543;62
496;54
459;48
423;41
392;37
410;34
432;34
479;42
527;46
570;48
598;51
629;62
665;65
741;70
749;81
717;80
704;79
641;76
624;69
551;66
541;61
509;57
449;48
431;41
373;31
400;37
503;35
491;39
496;42
569;46
633;52
656;59
673;67
715;73
801;84
730;77
702;79
656;78
620;72
577;65
506;62
500;53
436;48
412;46
368;30
382;34
433;33
464;39
528;46
563;52
619;54
647;64
648;64
695;70
762;81
763;79
707;80
640;75
630;69
581;66
534;57
510;53
457;49
431;35
393;32
405;28
453;35
481;37
541;46
576;48
619;49
663;59
657;64
737;70
771;80
745;74
714;78
676;74
623;74
580;67
557;61
518;49
464;47
432;41
400;32
406;32
428;32
486;36
522;39
554;47
609;50
673;64
688;64
707;66
768;81
784;80
718;77
656;73
635;75
575;67
566;64
498;50
499;48
421;42
379;35
395;33
429;35
470;37
517;42
589;48
587;53
657;62
677;66
725;72
746;80
742;81
730;78
681;75
627;71
590;63
555;61
511;53
483;50
454;42
406;31
406;33
443;37
475;37
541;42
577;50
592;54
653;62
681;66
711;73
741;80
793;80
759;80
662;79
638;74
579;65
560;64
515;53
483;49
432;41
384;33
407;35
462;35
495;34
496;44
563;47
601;55
654;58
663;64
716;77
752;80
747;80
721;80
670;75
630;73
578;67
558;63
526;59
470;48
422;41
377;32
390;32
439;33
496;33
530;42
554;47
581;53
634;58
686;64
705;69
745;80
767;80
720;80
658;78
624;71
589;65
550;59
511;57
483;49
463;41
405;33
385;33
452;34
465;38
517;42
562;46
591;49
615;58
659;64
729;71
768;80
758;80
717;75
688;75
625;67
584;63
562;59
528;57
480;49
443;43
397;35
414;33
432;34
477;32
510;38
579;45
583;48
616;55
666;64
714;71
763;80
752;80
707;75
679;77
624;68
588;65
560;61
506;53
475;48
432;39
384;34
402;31
411;27
481;37
493;41
541;48
583;50
622;54
674;63
704;73
724;74
755;80
704;78
685;79
641;68
589;64
555;62
539;53
469;48
442;37
400;33
374;29
421;33
448;34
506;42
550;44
585;49
630;59
684;65
691;73
777;80
752;80
721;77
677;79
635;69
592;66
559;60
543;55
473;49
449;43
417;32
389;34
414;37
464;36
507;39
545;45
593;50
627;57
655;64
694;74
782;80
773;81
709;80
684;80
653;74
592;64
558;59
528;55
502;48
448;42
401;34
420;33
450;35
477;38
523;39
553;45
593;50
625;58
676;67
686;70
743;80
742;80
711;80
677;80
635;69
614;66
556;61
531;52
498;48
443;38
407;32
395;27
441;34
468;38
509;43
543;48
588;51
633;61
650;69
692;71
752;79
768;76
729;80
677;77
638;73
591;64
562;61
519;53
483;47
448;47
387;33
410;35
405;37
491;38
501;42
560;48
592;48
609;64
654;64
691;74
751;80
784;85
730;80
688;74
669;73
588;65
571;53
551;58
503;51
431;43
399;34
383;33
423;32
465;33
502;39
545;46
573;53
647;60
656;64
698;72
741;86
745;80
720;80
691;80
643;75
592;67
562;62
541;54
490;48
429;44
397;34
402;31
433;34
469;39
497;40
538;45
577;48
627;59
645;61
688;76
731;80
790;82
741;77
687;77
638;75
605;69
567;58
539;54
491;49
434;41
416;38
350;32
442;31
448;36
495;42
557;48
591;53
638;55
653;61
702;72
747;80
782;81
752;78
688;80
651;71
599;69
569;62
528;55
480;48
465;40
414;36
368;29
435;27
455;33
497;35
528;42
579;49
633;53
661;64
693;66
745;78
784;80
752;79
691;76
637;76
596;67
569;59
530;53
501;49
447;47
441;39
346;32
413;31
436;36
480;37
547;48
593;48
580;58
675;65
673;75
755;80
784;80
680;80
678;77
661;71
609;65
576;59
542;53
487;50
457;37
416;30
368;27
423;26
466;35
501;40
560;47
581;50
605;55
677;66
710;76
747;74
754;80
737;79
703;77
643;76
611;65
563;55
544;55
490;48
453;44
426;37
400;32
414;32
471;34
496;41
543;47
580;50
611;58
646;64
687;74
739;80
778;89
705;81
693;80
647;77
626;64
570;62
539;56
490;49
449;46
421;35
372;31
409;36
458;32
487;39
535;48
587;48
633;57
649;64
692;72
755;79
779;81
733;80
688;79
639;73
602;70
576;64
545;55
527;52
459;43
404;37
367;23
411;30
455;33
479;47
508;45
585;48
576;54
634;65
699;72
751;80
766;84
752;78
667;80
656;71
609;64
581;64
539;51
476;47
469;39
423;32
377;32
424;32
451;35
497;37
529;48
576;48
592;58
626;64
704;65
727;75
787;78
738;81
665;79
674;71
605;66
578;61
547;54
494;50
461;38
413;30
384;21
369;31
439;31
490;39
547;45
572;49
599;57
641;62
688;74
718;73
778;80
746;80
707;78
665;74
619;69
592;45
557;58
506;49
464;43
399;35
375;25
391;26
457;31
494;37
560;46
558;51
576;58
642;64
685;67
741;80
781;80
784;82
703;75
655;72
639;67
573;65
544;54
496;48
473;42
432;31
371;21
423;32
464;36
486;37
537;48
592;43
585;49
626;59
670;64
698;77
803;81
745;80
750;77
667;74
630;64
578;59
557;54
492;47
470;39
420;32
378;27
415;29
462;32
470;36
517;45
575;40
599;58
650;65
688;68
747;77
757;80
722;80
688;78
658;64
620;65
592;63
559;58
498;51
459;41
435;35
386;26
398;28
466;32
486;39
542;48
582;64
593;52
653;64
703;66
720;80
781;80
784;80
703;78
688;74
610;66
587;64
538;59
510;48
417;42
436;52
374;25
390;35
441;30
482;41
530;43
572;49
586;59
637;61
704;67
726;79
689;82
739;80
719;77
659;73
601;64
586;63
542;54
517;32
464;41
439;33
395;26
393;31
397;31
479;39
525;39
575;48
579;49
623;57
688;69
714;78
765;80
764;85
720;76
686;78
615;64
595;64
555;48
496;48
471;43
434;34
368;30
389;32
439;31
476;37
511;46
574;48
595;53
637;60
661;66
693;74
756;80
759;79
709;76
653;73
627;63
571;60
527;54
496;50
495;40
418;31
340;22
381;27
443;32
459;38
531;46
546;49
576;53
642;61
727;72
720;67
763;80
736;79
702;74
671;73
620;69
592;64
557;58
523;48
459;45
404;35
390;25
395;31
430;36
457;36
517;42
547;48
593;53
617;61
663;70
726;76
765;80
741;80
702;80
677;78
610;70
595;65
535;55
507;48
469;43
434;37
384;30
397;30
432;33
486;39
511;42
590;48
591;51
650;59
655;68
711;74
765;80
731;80
741;77
671;73
615;66
579;64
566;59
531;47
464;41
438;35
387;29
380;29
439;27
459;41
510;47
560;48
592;53
623;62
647;66
721;75
757;78
763;80
709;78
689;75
640;68
592;64
576;58
547;48
482;44
448;34
387;33
397;25
432;27
445;32
518;41
560;48
590;53
631;64
682;69
718;80
752;82
737;83
733;80
686;79
617;70
579;64
563;61
524;48
466;45
431;34
373;27
395;32
449;32
471;35
523;42
549;45
579;51
630;59
684;70
715;78
724;81
751;81
706;79
683;75
624;69
614;67
579;53
535;50
451;45
421;34
382;30
400;28
446;32
496;33
523;46
573;47
589;51
620;59
669;69
719;75
731;79
769;80
720;78
685;74
638;66
597;61
563;58
549;48
490;40
453;31
398;27
389;32
433;31
464;38
553;46
559;48
581;51
637;64
675;65
703;75
747;80
763;85
706;81
661;78
639;64
599;63
556;54
532;50
480;41
451;39
405;26
342;22
417;30
475;40
519;46
566;49
596;56
627;62
651;70
702;75
752;82
787;81
726;78
664;73
624;69
609;65
554;54
535;48
470;43
421;37
417;25
359;23
446;30
444;35
507;43
544;47
587;50
630;58
646;70
687;76
730;80
752;80
715;76
687;75
642;69
642;63
535;58
534;49
506;47
447;35
407;26
401;23
413;29
464;33
528;43
530;48
581;54
633;64
652;70
719;79
775;82
761;81
700;78
667;77
656;68
592;64
576;57
527;53
466;47
447;34
430;33
371;23
412;34
455;35
503;45
541;48
592;53
626;59
655;65
715;71
708;82
752;83
720;82
655;80
611;71
587;64
576;59
519;50
473;44
432;35
402;29
343;32
403;33
466;34
528;41
558;42
576;51
602;64
636;67
693;73
725;79
755;81
709;80
678;74
643;65
586;64
560;57
559;48
464;45
445;33
385;26
374;27
432;32
459;38
500;41
543;48
548;54
596;63
653;70
700;73
723;79
753;80
731;80
678;77
643;69
624;64
602;55
530;52
474;45
449;37
400;29
380;30
415;30
458;37
528;43
531;47
560;53
599;62
649;70
704;75
747;80
750;85
722;80
681;74
647;68
613;63
578;61
541;50
483;48
446;37
410;32
393;30
429;30
459;34
508;45
523;45
592;49
613;59
630;67
693;73
739;80
769;81
736;80
690;78
656;69
618;64
573;58
558;53
479;47
434;39
390;32
355;23
413;30
485;39
503;43
543;47
566;49
621;61
650;64
683;74
752;82
798;81
720;81
715;79
640;69
623;63
586;55
545;50
486;39
463;35
391;25
385;26
430;31
485;40
519;45
519;43
566;55
615;63
656;66
686;78
735;83
755;81
731;83
688;76
656;70
622;65
586;52
532;48
487;48
442;35
397;29
383;24
415;32
460;38
497;45
560;49
575;53
585;58
661;70
703;78
760;80
771;86
720;81
700;77
645;70
617;67
563;59
539;48
487;46
477;35
448;26
388;22
402;29
485;30
498;42
510;49
577;55
599;59
648;65
683;71
735;80
751;85
726;84
707;79
658;73
619;68
562;58
548;51
483;48
463;43
400;29
368;27
394;30
455;35
503;43
528;47
570;54
607;59
631;67
677;73
705;80
771;82
742;81
707;76
657;69
627;65
561;60
539;54
507;47
463;37
411;30
353;17
405;27
450;31
505;42
547;48
577;49
639;61
644;69
659;79
738;80
773;84
733;81
707;80
656;71
623;67
576;59
544;51
482;43
451;35
430;27
385;24
407;32
465;33
505;39
528;46
560;51
598;61
631;69
674;71
763;80
754;80
720;80
690;69
654;67
594;67
591;64
552;48
494;48
443;39
427;33
364;29
402;29
443;33
475;46
528;44
565;49
592;58
633;71
698;74
736;80
784;89
736;81
691;77
637;70
621;66
600;61
557;51
495;47
434;39
400;34
400;29
415;31
451;37
470;43
535;47
573;52
607;58
634;65
703;69
731;80
811;85
752;78
706;76
658;69
639;64
587;58
538;54
497;46
464;38
401;33
368;20
427;31
450;36
492;41
533;44
560;49
610;62
637;66
697;74
730;78
751;87
731;80
703;80
645;68
625;64
617;59
563;51
528;43
460;35
407;33
370;23
405;27
430;32
479;38
497;44
578;48
624;58
652;65
685;74
691;77
784;82
738;80
717;75
646;71
627;65
574;59
559;54
526;48
466;39
433;33
369;23
421;29
451;35
474;39
531;47
539;53
606;61
635;64
671;75
720;77
766;84
752;83
708;75
665;66
631;64
592;57
568;48
533;45
480;41
438;33
381;23
395;27
445;35
490;42
550;46
577;55
592;63
641;65
683;71
729;80
764;83
746;82
702;80
648;73
624;64
595;60
559;51
520;48
453;38
464;38
389;23
422;31
429;34
496;42
509;46
528;51
595;58
634;66
686;76
720;78
797;85
758;80
715;77
643;69
637;65
609;59
556;53
496;48
474;45
433;31
383;26
400;30
432;36
495;43
526;48
574;53
586;64
640;70
689;75
735;79
764;81
756;82
715;79
658;74
615;65
623;61
573;50
499;49
491;41
423;32
398;29
404;28
437;31
498;39
511;47
560;51
581;61
626;70
688;80
715;80
752;89
757;80
721;75
653;67
638;65
609;63
530;51
496;48
465;39
444;35
369;22
388;30
450;35
474;42
504;47
571;54
568;63
639;68
645;75
715;84
759;89
752;82
720;79
667;75
640;66
613;61
560;51
510;48
492;43
400;37
397;31
401;23
431;32
469;43
540;47
559;56
571;64
608;65
683;79
709;81
758;90
779;86
715;79
659;71
642;65
615;57
565;50
506;48
464;42
441;32
406;26
409;27
433;32
466;35
501;44
555;53
590;55
643;65
659;72
720;78
758;84
748;87
704;82
674;73
639;65
597;59
584;51
498;45
464;37
421;29
390;19
417;27
425;27
494;42
509;48
549;50
589;55
650;64
688;73
717;80
752;85
765;84
721;80
680;70
630;67
618;55
572;50
506;48
498;39
429;32
381;23
405;26
432;31
466;39
503;45
540;50
609;55
638;65
670;70
722;79
774;83
751;81
703;80
675;71
650;67
599;64
576;51
530;43
464;39
421;34
386;19
385;25
431;32
485;39
496;43
542;47
595;55
629;64
667;71
709;76
743;80
765;80
720;80
667;75
647;64
594;62
551;53
531;48
486;39
417;35
432;21
391;26
419;35
470;38
528;45
555;51
587;59
635;66
647;70
702;78
743;82
750;84
724;80
693;70
631;66
603;61
558;51
528;46
480;39
454;31
405;22
375;32
423;32
460;41
497;46
547;50
576;59
624;64
663;79
711;80
754;81
746;80
729;79
672;69
682;63
611;53
580;54
529;48
483;42
414;34
400;23
383;26
414;32
480;37
496;45
541;50
575;58
619;64
651;70
672;79
747;87
747;83
721;80
689;70
651;64
627;61
544;54
525;48
461;39
424;35
368;17
390;25
427;34
464;42
500;48
550;52
553;59
641;64
654;75
719;71
708;80
785;80
738;78
671;74
626;67
623;61
567;61
510;48
449;39
439;31
394;25
369;26
402;33
473;37
518;45
559;47
560;51
607;64
655;74
723;74
711;82
751;82
728;79
690;67
642;65
618;54
557;50
519;46
487;34
510;30
421;30
368;21
423;27
463;33
511;43
518;53
576;51
624;64
681;74
693;71
739;79
767;80
710;78
656;69
637;65
609;64
557;55
536;43
485;41
404;32
400;30
377;26
407;29
452;33
495;43
501;49
557;55
641;64
656;71
689;80
750;99
777;81
719;80
678;65
627;64
613;58
572;51
531;46
483;45
447;33
419;22
390;26
429;45
458;34
528;47
531;48
576;57
651;61
637;66
720;79
754;80
765;78
724;73
686;71
658;66
605;59
582;49
561;48
490;35
418;31
384;25
384;22
391;23
453;37
500;43
511;49
565;55
605;64
651;64
681;75
705;80
757;81
727;80
715;66
656;65
613;61
571;61
560;46
464;35
354;30
411;27
374;21
411;29
458;31
499;41
515;48
591;58
601;66
653;70
697;74
739;82
763;82
725;80
675;72
669;64
599;59
570;55
551;48
480;46
483;32
426;28
394;23
417;32
464;30
467;45
528;52
559;55
591;64
654;64
675;77
733;83
761;91
733;78
682;74
647;65
623;59
572;47
534;45
496;38
452;33
400;21
380;19
402;27
461;35
502;45
527;53
557;53
627;60
641;64
679;79
720;80
768;85
730;80
697;61
673;64
597;64
592;49
510;48
490;39
469;32
405;23
368;23
388;29
452;32
485;46
531;50
560;55
617;64
750;77
720;79
693;81
767;84
745;80
697;77
650;65
598;63
569;56
544;47
479;41
419;31
400;24
354;22
414;32
463;42
479;48
523;48
519;58
592;66
627;65
695;74
730;80
782;87
731;75
718;77
644;66
627;59
561;50
544;48
493;42
446;37
413;30
368;26
405;34
470;39
486;47
522;50
557;58
607;64
634;72
701;80
723;82
777;83
747;80
699;74
639;66
611;64
579;55
539;47
495;39
464;39
417;25
369;23
432;30
439;35
474;45
526;48
562;58
625;64
648;69
688;73
723;85
778;87
734;78
673;74
655;69
647;61
592;55
542;49
527;44
474;37
432;31
379;26
398;32
455;36
469;45
511;49
575;55
644;64
656;69
692;76
728;83
769;89
738;79
708;76
641;67
635;61
608;55
540;48
501;42
467;39
394;30
384;20
409;31
459;37
481;45
535;50
576;58
583;69
643;69
701;78
761;83
768;90
751;84
704;75
647;69
640;63
594;55
541;48
507;45
458;37
446;31
386;26
421;31
448;37
485;47
523;48
580;58
617;65
645;71
701;78
723;84
774;83
738;81
720;77
656;68
624;64
591;53
567;46
499;43
448;32
430;26
408;19
400;27
423;36
496;45
528;51
560;58
587;66
661;70
673;79
730;82
775;86
770;81
698;75
670;69
624;63
595;57
564;48
496;43
446;34
427;30
383;23
395;31
438;38
483;44
528;48
550;58
608;64
631;68
689;75
703;80
768;87
738;80
706;70
659;70
637;64
592;58
555;47
497;43
461;35
423;27
373;28
390;29
455;35
494;43
526;48
562;57
592;64
644;67
678;75
727;81
784;91
752;80
719;74
674;69
635;61
593;57
558;48
508;42
478;33
428;26
400;23
398;25
453;35
477;44
539;53
595;57
592;65
653;71
702;80
720;85
765;88
769;83
702;78
685;67
652;64
608;58
563;48
505;43
458;39
431;23
391;29
389;31
428;38
480;45
481;48
560;52
603;65
653;70
670;75
733;86
765;87
797;80
720;74
664;66
649;65
611;57
555;48
503;44
469;39
417;31
367;25
394;30
451;38
472;45
518;50
558;54
587;64
655;69
678;71
704;81
755;85
771;80
714;77
662;64
650;64
593;53
569;48
497;44
464;35
433;29
402;27
382;29
435;34
460;43
529;44
535;50
583;64
657;69
699;76
753;81
747;84
751;83
745;72
678;72
645;64
616;62
578;48
496;47
471;42
432;31
384;25
400;31
438;38
465;44
522;52
528;58
585;64
629;74
677;81
727;82
807;91
752;86
701;77
667;69
646;65
627;57
563;47
518;41
498;35
451;33
394;28
395;27
432;34
491;39
525;50
533;55
592;64
640;71
656;72
696;84
751;83
774;81
714;76
683;68
640;63
624;60
554;48
523;45
499;42
429;30
400;26
438;28
438;37
464;41
518;47
547;55
572;64
655;71
675;77
707;80
783;86
761;83
711;76
688;68
646;64
637;58
557;48
487;43
487;33
432;35
393;26
416;26
451;35
482;45
510;48
548;53
595;64
624;71
715;74
708;80
768;90
768;82
706;75
701;66
635;64
613;62
576;48
518;45
487;38
410;28
402;27
400;31
434;42
501;46
496;50
525;55
583;65
633;64
675;77
688;82
735;90
783;86
711;79
672;72
672;64
613;58
567;49
525;46
494;34
412;32
382;23
384;28
423;38
464;47
490;48
547;59
583;64
629;70
665;77
737;81
774;90
768;83
709;78
675;70
673;63
603;61
581;49
511;45
449;33
422;31
398;26
400;26
450;35
496;43
490;48
544;54
575;65
635;69
688;75
711;83
737;85
758;83
717;79
677;73
671;62
596;57
559;48
534;43
496;46
432;30
400;22
388;28
423;35
479;42
496;49
531;57
591;64
624;69
701;75
686;86
741;89
766;80
745;80
689;67
656;63
595;58
569;52
528;45
468;32
449;25
391;23
398;27
438;35
479;45
479;48
538;54
599;64
635;65
699;74
746;83
771;88
793;91
717;79
688;72
656;68
596;57
538;48
546;47
482;34
434;33
423;22
375;31
427;33
466;41
499;50
542;52
577;64
639;70
671;80
714;84
752;85
773;84
736;75
689;71
659;64
624;60
592;48
542;46
468;35
454;33
415;27
373;28
402;42
448;46
470;48
535;55
590;60
624;69
685;77
711;82
746;81
746;82
730;79
686;70
624;64
619;61
609;50
539;43
481;43
439;31
432;28
399;29
419;35
475;43
498;50
543;54
565;64
588;70
663;80
698;81
755;83
778;80
707;80
695;70
647;65
621;62
576;48
559;46
466;38
439;32
391;28
386;23
435;33
448;41
475;49
525;57
595;62
624;67
657;78
674;80
752;85
769;83
731;75
687;74
668;65
614;59
566;53
563;48
495;41
434;34
411;28
393;28
423;35
430;44
496;48
528;55
579;64
620;70
666;77
691;80
718;82
758;86
725;75
707;68
658;64
618;61
582;50
525;48
508;42
464;33
414;27
359;27
427;38
454;43
496;49
537;57
587;64
625;68
672;73
688;81
747;85
793;86
726;79
698;71
659;65
619;61
582;49
561;47
490;46
454;36
400;29
378;29
412;35
447;44
496;50
528;57
564;66
626;70
642;74
695;80
749;84
771;80
750;75
682;67
672;64
625;57
587;49
532;45
482;46
416;36
398;26
397;29
406;34
462;46
479;49
506;52
576;61
609;72
667;78
688;83
725;85
779;82
726;80
703;75
651;64
614;60
566;53
536;47
497;35
463;32
406;32
379;26
400;35
462;44
486;48
525;53
576;61
609;69
672;70
704;78
720;83
786;82
752;79
685;78
671;66
611;57
585;50
529;48
508;37
452;34
407;27
391;24
410;33
436;42
487;51
525;53
579;61
624;64
687;77
719;79
730;83
795;84
743;77
720;67
655;63
656;53
597;48
534;48
535;36
464;33
415;28
384;27
422;35
453;43
493;48
539;53
571;62
592;73
667;80
689;80
743;86
816;87
752;80
723;73
667;64
631;56
592;49
538;48
496;43
479;30
425;26
355;26
390;38
466;43
477;48
487;51
567;59
576;65
650;71
669;81
739;82
782;85
737;79
720;71
687;64
617;57
604;51
558;47
507;39
445;31
432;29
383;27
401;32
467;42
468;48
530;55
546;62
603;70
673;80
687;80
710;89
767;90
711;80
720;67
678;64
634;61
594;50
559;45
518;39
448;28
416;27
382;25
400;32
445;44
459;43
503;51
566;63
619;66
662;75
695;80
749;86
787;87
739;80
698;71
688;66
627;59
576;48
550;45
481;33
472;30
413;30
396;26
381;32
437;42
459;50
511;54
565;64
603;72
640;79
668;80
752;82
790;87
746;78
707;71
656;67
661;60
588;48
553;43
521;44
463;34
418;33
368;27
400;33
442;38
473;48
526;52
562;63
633;69
657;70
657;81
717;85
771;89
761;77
718;73
672;64
640;55
599;50
559;44
509;33
473;30
422;25
384;29
414;35
453;41
485;48
531;55
560;64
623;71
640;75
681;80
720;87
784;90
772;80
710;75
676;66
652;59
606;53
555;46
528;36
499;33
415;28
378;28
400;33
410;37
479;48
522;54
553;63
585;65
662;71
683;80
726;83
757;83
763;79
691;78
677;67
647;59
605;50
560;45
511;35
464;31
415;26
373;24
421;33
435;43
465;48
478;50
561;62
601;64
657;72
663;77
705;81
763;85
749;80
710;71
682;64
637;64
602;49
555;48
528;45
502;35
418;30
409;27
400;32
455;44
464;46
503;51
545;61
615;65
620;71
679;75
720;80
758;81
753;76
711;71
672;64
636;59
595;48
530;49
538;39
455;37
432;29
379;26
397;32
400;41
502;45
500;50
562;64
577;64
657;77
669;80
741;83
762;85
752;79
715;67
639;62
641;57
614;49
570;42
499;39
480;33
403;29
383;27
387;31
477;36
482;43
484;50
544;56
592;64
652;71
662;82
709;83
773;82
741;80
727;62
678;64
638;62
585;52
546;46
538;35
449;34
437;29
375;28
385;28
434;20
494;48
509;49
549;58
580;70
592;70
688;82
699;83
768;83
771;81
717;71
697;64
660;64
593;51
528;48
496;37
493;35
430;29
378;27
374;32
432;39
480;48
495;51
542;59
585;65
640;67
671;80
739;82
763;84
762;77
705;69
689;64
644;59
607;50
559;44
528;34
435;45
441;33
374;30
375;32
420;35
447;39
496;51
549;55
582;66
641;70
676;80
720;84
766;80
758;80
729;71
663;64
671;54
623;47
567;41
495;37
473;21
459;32
382;29
400;34
432;38
410;48
484;55
545;59
577;69
610;74
688;80
705;82
739;78
757;80
749;77
701;65
656;54
599;49
558;45
521;36
473;35
421;29
393;31
415;34
422;43
448;46
481;51
535;55
609;65
641;71
677;75
720;80
754;83
762;80
720;74
693;64
660;59
590;55
574;47
519;35
472;31
445;29
401;28
384;32
437;56
464;48
504;50
563;59
603;64
610;69
693;77
705;82
747;80
773;80
731;77
702;65
656;59
598;53
560;48
543;41
471;32
435;27
388;21
368;30
410;38
438;43
477;55
545;62
557;66
623;71
666;80
720;81
746;82
783;80
727;79
685;65
657;57
662;52
565;48
527;44
473;33
434;24
387;22
398;27
429;37
404;42
489;54
541;58
565;65
621;68
657;79
693;78
749;82
754;80
714;79
694;67
633;64
624;50
582;48
525;37
481;37
420;30
411;25
419;28
396;38
441;45
489;51
570;59
564;64
625;72
646;77
688;80
750;87
767;81
743;76
704;66
652;59
611;53
560;46
539;43
473;30
453;31
384;29
381;33
404;35
473;48
506;54
539;57
589;63
623;75
658;80
705;81
737;83
761;81
714;76
707;67
670;60
617;55
570;46
550;37
468;32
447;27
391;29
358;35
423;38
466;43
494;50
497;62
588;64
613;74
657;80
688;80
738;80
759;80
740;72
679;64
659;59
630;51
574;44
540;34
493;30
433;31
422;24
386;26
419;39
449;46
471;49
499;55
567;63
622;76
646;75
700;77
738;80
758;80
739;67
701;64
667;58
617;52
562;47
532;38
510;32
447;35
387;30
385;31
419;36
438;45
470;48
535;61
573;64
597;73
631;80
708;80
730;83
775;80
733;77
705;66
648;59
624;49
575;48
547;35
496;31
445;29
414;28
398;27
403;38
457;39
476;48
528;58
563;64
607;75
648;77
699;80
751;85
785;80
720;73
701;69
653;62
619;49
577;48
507;37
494;37
439;30
400;31
366;27
406;38
457;46
479;55
535;59
566;65
638;77
653;79
707;79
755;82
750;81
763;74
720;69
669;56
624;50
580;51
529;47
475;36
455;34
381;28
368;33
441;39
460;48
515;50
516;61
570;65
616;70
656;75
735;80
726;85
770;79
750;75
709;64
665;62
599;52
579;49
575;38
484;33
449;32
387;30
383;31
411;37
431;45
460;50
541;59
575;67
607;69
647;78
688;81
741;83
781;83
749;78
710;65
658;59
606;52
574;47
529;43
474;40
467;32
412;32
367;28
430;35
452;47
470;50
527;61
538;67
603;73
668;74
704;80
762;80
777;78
752;77
717;65
673;59
630;53
578;48
547;43
501;43
444;33
409;32
379;27
427;38
436;46
468;49
511;52
562;64
622;73
630;75
688;81
750;82
781;82
737;77
715;64
662;61
619;50
588;46
528;39
511;39
465;30
430;27
347;29
432;34
445;44
464;48
520;59
550;64
594;74
649;75
673;80
739;80
799;81
736;77
714;67
642;63
629;52
610;49
542;42
484;34
446;31
432;31
367;29
397;37
448;47
481;48
528;58
563;70
615;76
660;79
705;85
735;80
793;81
742;77
720;66
672;62
630;51
578;48
525;41
486;34
464;31
432;25
368;29
403;37
431;47
479;53
526;59
567;65
624;73
645;78
701;80
720;81
777;80
762;77
757;68
670;62
625;53
585;47
533;48
496;35
469;32
415;33
377;31
402;39
427;48
477;49
525;57
549;64
618;74
629;78
672;80
726;80
767;83
751;76
717;67
683;62
638;54
586;49
548;39
528;36
466;32
413;28
382;27
414;38
410;42
455;48
529;57
566;65
625;71
633;80
688;80
733;81
775;85
738;78
726;67
682;63
630;55
601;48
560;43
517;35
438;32
432;30
378;28
403;35
421;44
481;48
495;57
544;64
614;70
652;80
685;80
736;81
773;86
754;79
706;67
671;64
637;58
592;48
537;41
531;39
481;33
403;31
369;29
406;39
435;43
491;47
527;58
577;65
586;67
650;73
688;80
733;79
765;81
775;77
702;68
691;63
618;49
612;48
556;46
499;38
451;33
422;37
407;33
393;40
433;46
453;51
499;58
546;68
591;71
614;77
689;80
777;80
776;81
750;80
703;70
656;64
639;49
598;48
553;42
538;33
463;31
423;25
381;28
382;33
422;47
458;51
491;59
549;64
587;69
640;75
685;79
745;81
752;82
738;77
707;64
676;60
640;51
588;44
534;46
496;35
483;33
401;33
393;28
395;34
419;48
493;55
501;55
554;63
625;74
633;80
687;83
720;81
752;81
752;75
723;70
688;62
647;53
599;50
521;47
548;37
478;32
439;33
378;30
386;33
413;42
464;48
506;57
560;63
576;68
639;77
687;80
705;81
757;81
741;75
742;66
690;64
612;53
591;50
555;39
494;37
466;30
443;31
415;30
403;33
433;42
461;49
531;58
545;64
576;70
624;74
687;81
732;80
768;83
778;78
719;67
685;60
652;57
590;48
533;40
523;33
455;34
407;29
366;26
410;33
432;43
458;48
504;58
574;67
569;68
656;75
695;81
703;80
770;84
782;78
733;67
677;64
640;55
593;51
545;43
538;38
468;34
418;27
380;28
402;35
422;43
464;49
505;59
560;63
593;70
642;75
688;78
730;80
793;82
765;76
736;67
694;64
658;55
612;48
569;43
522;37
454;37
441;37
379;33
400;34
398;47
461;51
481;58
556;64
607;71
642;78
675;80
722;80
743;80
772;76
752;66
689;63
630;58
597;48
572;40
521;34
497;33
441;31
384;31
397;35
409;39
473;48
486;57
560;64
592;69
628;78
688;78
719;78
768;82
766;79
738;67
704;64
657;54
609;49
581;43
528;34
490;32
450;28
395;33
368;33
446;47
453;48
530;50
565;60
590;70
615;74
674;80
735;79
755;80
768;79
720;70
707;64
675;49
597;50
548;46
537;42
497;32
449;27
406;29
366;29
419;41
458;48
496;57
587;63
579;71
640;77
668;79
731;80
767;80
768;80
729;71
689;62
659;57
615;47
552;42
544;37
480;32
434;34
395;29
384;34
423;39
467;48
470;55
543;64
596;65
633;75
669;78
694;80
750;80
788;78
750;66
704;64
666;53
614;48
556;45
526;35
495;33
426;29
397;29
385;33
412;43
442;48
473;54
547;64
562;70
656;73
687;78
695;80
731;81
774;79
734;65
701;62
679;58
606;50
598;47
529;37
473;30
421;32
392;27
377;35
407;43
451;48
494;53
555;63
560;73
621;74
656;81
712;80
747;78
753;77
742;66
704;57
662;58
624;49
599;48
551;39
481;33
434;29
393;25
374;35
438;42
456;48
495;59
534;63
585;71
614;78
671;79
703;77
765;79
779;80
735;71
698;63
659;54
625;48
576;39
538;41
466;33
431;29
400;27
385;38
399;42
435;51
496;55
528;65
571;69
595;75
676;80
720;81
741;80
793;80
727;73
694;64
665;56
622;50
573;43
540;37
469;35
462;31
400;34
365;35
421;46
451;50
496;59
528;58
593;69
621;75
649;79
694;80
769;80
768;81
730;76
690;64
653;57
655;51
562;46
540;41
488;38
427;32
401;30
350;35
432;38
432;48
493;59
539;64
560;64
594;77
655;71
691;81
769;80
776;80
753;73
689;63
656;59
623;48
576;45
528;39
475;33
466;31
411;28
377;32
383;38
450;48
496;52
537;58
560;66
603;76
663;78
721;80
758;79
765;75
765;67
706;58
671;53
610;46
569;40
560;35
492;33
456;37
406;30
370;32
419;38
459;49
475;59
539;64
592;67
621;75
668;80
690;79
720;78
806;75
768;65
704;63
669;51
624;52
573;43
531;35
490;34
437;32
425;28
359;34
400;40
432;50
455;59
522;64
575;70
607;75
660;80
702;80
771;80
775;80
752;75
719;64
663;54
627;50
575;48
545;42
491;38
442;34
410;32
372;35
407;43
447;48
480;53
510;63
560;66
620;76
650;78
704;80
751;83
799;80
721;70
707;65
672;52
640;48
561;49
538;42
495;33
438;32
395;33
370;32
372;37
422;48
