178
178
193
193
205
205
211
211
240
240
219
219
218
218
224
224
245
245
269
269
242
242
252
252
260
260
261
261
269
269
239
239
264
264
275
275
292
292
287
287
304
304
304
304
319
319
362
362
336
336
338
338
347
347
353
353
389
389
347
347
352
352
365
365
371
371
404
404
397
397
391
391
400
400
397
397
441
441
409
409
418
418
405
405
426
426
466
466
442
442
438
438
432
432
432
432
496
496
449
449
473
473
492
492
485
485
479
479
496
496
480
480
478
478
456
456
442
442
447
447
451
451
435
435
429
429
429
429
384
384
409
409
404
404
386
386
400
400
368
368
388
388
379
379
378
378
356
356
330
330
325
325
361
361
354
354
342
342
358
358
375
375
325
325
306
306
312
312
306
306
315
315
308
308
327
327
284
284
305
305
249
249
242
242
240
240
246
246
241
241
254
254
244
244
258
258
223
223
223
223
211
211
225
225
189
189
217
217
180
180
194
194
187
187
176
176
173
173
199
199
163
163
166
166
155
155
147
147
138
138
137
137
113
113
108
108
122
122
104
104
101
101
102
102
95
95
78
78
69
69
78
78
39
39
59
59
96
96
104
104
128
128
134
134
112
112
125
125
111
111
129
129
141
141
142
142
174
174
145
145
174
174
144
144
151
151
161
161
161
161
185
185
192
192
208
208
202
202
220
220
208
208
208
208
219
219
226
226
235
235
247
247
274
274
250
250
274
274
246
246
273
273
259
259
286
286
336
336
294
294
303
303
303
303
336
336
294
294
293
293
301
301
335
335
359
359
339
339
340
340
343
343
344
344
386
386
372
372
384
384
384
384
382
382
439
439
396
396
400
400
398
398
407
407
447
447
423
423
436
436
438
438
436
436
487
487
452
452
458
458
448
448
453
453
496
496
502
502
487
487
491
491
467
467
464
464
441
441
483
483
446
446
458
458
464
464
456
456
497
497
436
436
427
427
417
417
414
414
434
434
402
402
397
397
397
397
381
381
409
409
365
365
368
368
354
354
343
343
378
378
349
349
332
332
337
337
311
311
339
339
306
306
304
304
301
301
316
316
308
308
292
292
299
299
279
279
262
262
272
272
261
261
254
254
257
257
244
244
258
258
222
222
191
191
197
197
196
196
231
231
208
208
192
192
182
182
194
194
203
203
176
176
171
171
173
173
167
167
176
176
145
145
139
139
130
130
126
126
138
138
131
131
122
122
118
118
119
119
133
133
81
81
64
64
73
73
64
64
73
73
90
90
111
111
109
109
111
111
115
115
106
106
116
116
123
123
164
164
161
161
160
160
161
161
154
154
188
188
263
263
266
266
272
272
285
285
277
277
304
304
317
317
320
320
313
313
315
315
305
305
330
330
327
327
345
345
361
361
387
387
383
383
375
375
379
379
368
368
391
391
406
406
403
403
405
405
408
408
400
400
416
416
414
414
420
420
435
435
430
430
454
454
448
448
464
464
467
467
461
461
466
466
470
470
489
489
491
491
483
483
493
493
476
476
465
465
453
453
443
443
434
434
447
447
453
453
437
437
432
432
413
413
396
396
399
399
386
386
382
382
377
377
374
374
358
358
365
365
365
365
360
360
354
354
350
350
343
343
343
343
346
346
331
331
320
320
307
307
319
319
310
310
299
299
297
297
302
302
281
281
275
275
272
272
265
265
250
250
240
240
229
229
242
242
242
242
234
234
233
233
201
201
204
204
185
185
195
195
182
182
202
202
191
191
189
189
178
178
162
162
157
157
171
171
153
153
154
154
137
137
128
128
112
112
105
105
109
109
111
111
92
92
87
87
93
93
87
87
73
73
62
62
73
73
81
81
81
81
81
81
97
97
117
117
112
112
128
128
126
126
141
141
138
138
145
145
162
162
155
155
183
183
172
172
153
153
151
151
155
155
173
173
178
178
182
182
199
199
198
198
208
208
240
240
222
222
224
224
251
251
257
257
265
265
261
261
272
272
267
267
271
271
279
279
289
289
284
284
304
304
309
309
319
319
314
314
316
316
316
316
322
322
318
318
336
336
358
358
352
352
365
365
363
363
358
358
375
375
373
373
368
368
389
389
407
407
432
432
418
418
430
430
406
406
433
433
429
429
448
448
453
453
457
457
448
448
474
474
458
458
463
463
465
465
469
469
478
478
490
490
485
485
477
477
478
478
464
464
439
439
432
432
438
438
443
443
433
433
433
433
430
430
422
422
424
424
394
394
400
400
400
400
406
406
385
385
386
386
378
378
366
366
335
335
330
330
327
327
334
334
322
322
322
322
303
303
314
314
313
313
314
314
305
305
302
302
308
308
307
307
287
287
281
281
269
269
272
272
258
258
263
263
250
250
234
234
257
257
234
234
222
222
205
205
197
197
194
194
196
196
195
195
190
190
192
192
179
179
169
169
154
154
155
155
144
144
147
147
156
156
144
144
150
150
144
144
134
134
123
123
111
111
90
90
108
108
86
86
80
80
81
81
67
67
52
52
72
72
79
79
72
72
93
93
95
95
113
113
112
112
128
128
112
112
128
128
129
129
125
125
147
147
154
154
164
164
173
173
171
171
174
174
186
186
190
190
199
199
195
195
236
236
212
212
215
215
206
206
208
208
214
214
226
226
227
227
242
242
244
244
256
256
258
258
266
266
274
274
288
288
304
304
304
304
315
315
314
314
305
305
312
312
315
315
336
336
353
353
337
337
349
349
355
355
366
366
370
370
368
368
363
363
368
368
389
389
385
385
400
400
409
409
396
396
386
386
418
418
415
415
414
414
447
447
464
464
465
465
469
469
464
464
455
455
464
464
487
487
479
479
485
485
491
491
480
480
464
464
456
456
439
439
454
454
445
445
455
455
442
442
432
432
431
431
400
400
403
403
395
395
390
390
394
394
394
394
384
384
386
386
369
369
366
366
363
363
366
366
352
352
347
347
337
337
335
335
313
313
322
322
304
304
290
290
294
294
301
301
285
285
275
275
271
271
263
263
262
262
265
265
266
266
247
247
253
253
257
257
233
233
229
229
214
214
215
215
192
192
204
204
202
202
205
205
199
199
187
187
171
171
156
156
154
154
145
145
137
137
151
151
142
142
137
137
123
123
126
126
112
112
115
115
94
94
107
107
96
96
111
111
114
114
102
102
79
79
64
64
78
78
83
83
109
109
108
108
95
95
99
99
113
113
106
106
105
105
126
126
126
126
123
123
154
154
160
160
163
163
171
171
167
167
159
159
158
158
182
182
195
195
206
206
207
207
209
209
207
207
208
208
227
227
237
237
240
240
253
253
251
251
259
259
255
255
254
254
247
247
247
247
259
259
276
276
292
292
286
286
301
301
303
303
318
318
321
321
326
326
341
341
353
353
354
354
350
350
355
355
365
365
369
369
369
369
386
386
400
400
377
377
406
406
421
421
401
401
417
417
407
407
421
421
414
414
425
425
450
450
461
461
445
445
449
449
460
460
465
465
473
473
487
487
480
480
496
496
509
509
491
491
476
476
465
465
454
454
464
464
449
449
443
443
432
432
434
434
409
409
407
407
398
398
389
389
400
400
409
409
377
377
391
391
375
375
359
359
351
351
365
365
356
356
348
348
345
345
350
350
335
335
345
345
320
320
320
320
306
306
304
304
314
314
305
305
283
283
284
284
270
270
254
254
240
240
243
243
242
242
240
240
239
239
235
235
227
227
225
225
209
209
208
208
211
211
211
211
208
208
195
195
191
191
176
176
176
176
165
165
155
155
161
161
149
149
157
157
144
144
137
137
114
114
122
122
111
111
99
99
112
112
102
102
95
95
95
95
79
79
60
60
77
77
61
61
83
83
89
89
103
103
131
131
117
117
114
114
113
113
123
123
129
129
153
153
164
164
143
143
155
155
150
150
148
148
163
163
176
176
169
169
176
176
191
191
189
189
199
199
209
209
208
208
219
219
222
222
223
223
256
256
249
249
246
246
266
266
260
260
266
266
272
272
282
282
278
278
291
291
313
313
297
297
307
307
304
304
298
298
305
305
326
326
336
336
336
336
351
351
355
355
362
362
370
370
366
366
378
378
399
399
412
412
397
397
399
399
404
404
394
394
412
412
416
416
432
432
441
441
451
451
446
446
445
445
450
450
457
457
455
455
465
465
475
475
491
491
489
489
469
469
464
464
463
463
457
457
461
461
456
456
454
454
466
466
453
453
442
442
432
432
408
408
397
397
397
397
404
404
402
402
387
387
379
379
368
368
368
368
359
359
353
353
355
355
349
349
345
345
339
339
341
341
324
324
313
313
311
311
304
304
303
303
303
303
309
309
307
307
298
298
261
261
265
265
272
272
256
256
275
275
260
260
251
251
238
238
215
215
193
193
197
197
199
199
197
197
201
201
194
194
185
185
187
187
166
166
163
163
174
174
160
160
171
171
160
160
149
149
144
144
127
127
119
119
113
113
112
112
103
103
113
113
112
112
96
96
94
94
79
79
80
80
62
62
68
68
79
79
99
99
108
108
88
88
87
87
106
106
114
114
107
107
124
124
144
144
144
144
179
179
176
176
161
161
169
169
162
162
177
177
179
179
190
190
193
193
183
183
189
189
189
189
212
212
206
206
225
225
234
234
240
240
242
242
250
250
235
235
269
269
256
256
272
272
283
283
290
290
293
293
304
304
313
313
294
294
307
307
316
316
321
321
333
333
343
343
343
343
343
343
366
366
341
341
340
340
347
347
352
352
371
371
379
379
375
375
399
399
400
400
404
404
405
405
419
419
427
427
450
450
432
432
445
445
452
452
454
454
461
461
455
455
461
461
476
476
487
487
501
501
476
476
481
481
470
470
442
442
459
459
453
453
449
449
448
448
441
441
432
432
418
418
409
409
399
399
415
415
406
406
400
400
419
419
400
400
400
400
389
389
368
368
379
379
373
373
365
365
367
367
346
346
346
346
336
336
331
331
317
317
319
319
316
316
308
308
298
298
304
304
302
302
283
283
272
272
270
270
269
269
253
253
244
244
266
266
256
256
251
251
226
226
234
234
214
214
230
230
218
218
209
209
201
201
205
205
192
192
175
175
163
163
149
149
147
147
148
148
141
141
144
144
130
130
129
129
135
135
112
112
119
119
126
126
117
117
96
96
103
103
93
93
83
83
71
71
76
76
74
74
96
96
87
87
102
102
110
110
103
103
105
105
128
128
137
137
139
139
143
143
141
141
142
142
144
144
144
144
156
156
173
173
188
188
202
202
219
219
208
208
203
203
209
209
227
227
231
231
225
225
237
237
242
242
250
250
247
247
243
243
258
258
255
255
276
276
272
272
278
278
301
301
298
298
309
309
299
299
304
304
311
311
323
323
336
336
362
362
344
344
347
347
335
335
354
354
362
362
371
371
384
384
384
384
400
400
398
398
392
392
395
395
386
386
395
395
394
394
421
421
416
416
421
421
434
434
432
432
450
450
458
458
471
471
479
479
489
489
498
498
490
490
496
496
490
490
469
469
464
464
457
457
467
467
453
453
439
439
458
458
434
434
413
413
430
430
410
410
409
409
407
407
403
403
397
397
388
388
368
368
367
367
368
368
352
352
362
362
368
368
368
368
368
368
353
353
331
331
325
325
332
332
327
327
326
326
304
304
310
310
295
295
275
275
268
268
247
247
266
266
260
260
256
256
268
268
256
256
256
256
239
239
234
234
217
217
215
215
214
214
209
209
222
222
208
208
191
191
186
186
176
176
167
167
174
174
176
176
161
161
157
157
146
146
135
135
127
127
102
102
112
112
111
111
98
98
96
96
98
98
80
80
90
90
80
80
89
89
78
78
86
86
95
95
90
90
98
98
95
95
112
112
103
103
111
111
128
128
133
133
127
127
134
134
146
146
145
145
142
142
144
144
172
172
159
159
178
178
192
192
185
185
185
185
203
203
193
193
201
201
213
213
236
236
240
240
254
254
257
257
251
251
259
259
262
262
272
272
266
266
278
278
290
290
283
283
278
278
295
295
284
284
293
293
304
304
320
320
330
330
326
326
332
332
343
343
335
335
345
345
357
357
359
359
377
377
387
387
395
395
396
396
398
398
407
407
400
400
409
409
421
421
413
413
432
432
443
443
445
445
438
438
430
430
434
434
448
448
459
459
471
471
479
479
486
486
469
469
477
477
471
471
464
464
466
466
467
467
467
467
464
464
444
444
434
434
420
420
416
416
412
412
418
418
417
417
413
413
411
411
384
384
379
379
368
368
363
363
367
367
358
358
368
368
353
353
336
336
323
323
336
336
320
320
315
315
310
310
320
320
323
323
322
322
309
309
277
277
272
272
281
281
273
273
266
266
272
272
250
250
240
240
217
217
233
233
223
223
206
206
208
208
223
223
208
208
191
191
194
194
174
174
153
153
167
167
162
162
166
166
161
161
166
166
145
145
143
143
134
134
129
129
119
119
126
126
119
119
114
114
108
108
50
50
65
65
48
48
64
64
48
48
64
64
89
89
79
79
93
93
85
85
108
108
95
95
128
128
124
124
125
125
141
141
142
142
145
145
149
149
151
151
160
160
160
160
183
183
178
178
189
189
192
192
179
179
190
190
206
206
195
195
209
209
233
233
231
231
234
234
233
233
235
235
239
239
258
258
260
260
274
274
286
286
310
310
299
299
298
298
304
304
305
305
301
301
304
304
321
321
322
322
330
330
338
338
375
375
334
334
361
361
350
350
355
355
369
369
384
384
343
343
384
384
390
390
384
384
401
401
402
402
407
407
405
405
438
438
428
428
450
450
435
435
476
476
461
461
497
497
462
462
473
473
489
489
492
492
480
480
463
463
443
443
487
487
450
450
448
448
448
448
438
438
432
432
439
336
322
322
314
314
299
299
316
316
305
305
299
299
299
299
304
304
278
278
255
255
239
239
241
241
241
241
237
237
238
238
243
243
237
237
224
224
222
222
208
208
209
209
197
197
208
208
199
199
201
201
178
178
173
173
167
167
159
159
155
155
144
144
158
158
154
154
137
137
122
122
112
112
101
101
107
107
111
111
91
91
94
94
94
94
89
89
64
64
59
59
70
70
78
78
106
106
103
103
114
114
119
119
123
123
124
124
118
118
125
125
153
153
147
147
145
145
158
158
158
158
149
149
139
139
175
175
178
178
179
179
194
194
197
197
203
203
214
214
199
199
211
211
211
211
229
229
231
231
240
240
251
251
265
265
259
259
258
258
259
259
278
278
294
294
293
293
290
290
305
305
319
319
305
305
301
301
290
290
303
303
322
322
323
323
337
337
336
336
354
354
362
362
362
362
379
379
382
382
391
391
400
400
413
413
405
405
411
411
405
405
418
418
423
423
428
428
453
453
448
448
458
458
452
452
453
453
463
463
462
462
469
469
480
480
480
480
493
493
475
475
463
463
463
463
458
458
446
446
451
451
436
436
448
448
451
451
442
442
436
436
427
427
414
414
410
410
403
403
399
399
390
390
391
391
362
362
364
364
354
354
342
342
346
346
347
347
348
348
350
350
343
343
326
326
320
320
308
308
300
300
301
301
305
305
294
294
283
283
277
277
272
272
272
272
265
265
251
251
258
258
245
245
248
248
240
240
224
224
213
213
209
209
192
192
186
186
191
191
193
193
183
183
187
187
176
176
176
176
176
176
170
170
156
156
175
175
162
162
151
151
148
148
129
129
126
126
112
112
108
108
107
107
114
114
106
106
80
80
78
78
71
71
69
69
70
70
88
88
80
80
93
93
108
108
110
110
113
113
106
106
112
112
129
129
143
143
156
156
161
161
178
178
170
170
169
169
174
174
166
166
192
192
205
205
199
199
209
209
202
202
196
196
201
201
214
214
215
215
217
217
242
242
261
261
257
257
251
251
256
256
254
254
272
272
262
262
272
272
301
301
293
293
304
304
309
309
315
315
326
326
326
326
336
336
342
342
338
338
361
361
351
351
346
346
342
342
354
354
368
368
381
381
377
377
386
386
402
402
400
400
414
414
426
426
430
430
451
451
454
454
445
445
444
444
449
449
449
449
468
468
466
466
485
485
494
494
496
496
496
496
477
477
464
464
457
457
464
464
455
455
453
453
447
447
448
448
432
432
429
429
407
407
399
399
410
410
398
398
400
400
419
419
414
414
384
384
382
382
382
382
350
350
368
368
373
373
355
355
341
341
354
354
321
321
318
318
309
309
303
303
295
295
309
309
302
302
289
289
289
289
273
273
272
272
246
246
266
266
255
255
260
260
254
254
251
251
231
231
226
226
220
220
217
217
218
218
229
229
205
205
214
214
194
194
190
190
166
166
150
150
148
148
151
151
157
157
144
144
149
149
135
135
123
123
132
132
125
125
126
126
124
124
117
117
114
114
89
89
83
83
77
77
74
74
66
66
75
75
96
96
93
93
106
106
107
107
103
103
94
94
112
112
115
115
124
124
141
141
141
141
151
151
144
144
131
131
157
157
161
161
145
145
181
181
199
199
223
223
219
219
208
208
219
219
198
198
221
221
236
236
230
230
235
235
239
239
256
256
246
246
261
261
256
256
260
260
273
273
279
279
301
301
303
303
302
302
293
293
304
304
283
283
324
324
320
320
336
336
337
337
352
352
364
364
353
353
354
354
368
368
384
384
392
392
396
396
399
399
391
391
400
400
394
394
384
384
395
395
403
403
425
425
443
443
437
437
433
433
448
448
451
451
458
458
466
466
490
490
477
477
497
497
507
507
473
473
474
474
459
459
461
461
461
461
454
454
459
459
449
449
425
425
430
430
417
417
415
415
406
406
420
420
400
400
395
395
380
380
370
370
373
373
372
372
352
352
351
351
356
356
368
368
368
368
353
353
351
351
333
333
327
327
310
310
308
308
314
314
304
304
304
304
289
289
274
274
257
257
270
270
256
256
254
254
251
251
251
251
238
238
228
228
239
239
219
219
215
215
223
223
199
199
207
207
208
208
189
189
197
197
176
176
160
160
170
170
176
176
160
160
163
163
159
159
129
129
127
127
113
113
99
99
112
112
100
100
103
103
99
99
81
81
77
77
80
80
80
80
80
80
80
80
96
96
98
98
106
106
89
89
110
110
99
99
120
120
128
128
141
141
140
140
154
154
147
147
150
150
161
161
166
166
165
165
181
181
186
186
192
192
198
198
186
186
205
205
213
213
206
206
224
224
241
241
256
256
274
274
256
256
241
241
257
257
256
256
272
272
303
303
291
291
298
298
295
295
304
304
294
294
304
304
310
310
314
314
331
331
338
338
335
335
352
352
348
348
353
353
352
352
359
359
371
371
384
384
397
397
398
398
405
405
395
395
395
395
414
414
425
425
430
430
443
443
449
449
436
436
454
454
435
435
432
432
441
441
461
461
460
460
470
470
486
486
464
464
483
483
466
466
464
464
466
466
458
458
455
455
454
454
441
441
435
435
432
432
425
425
417
417
426
426
423
423
417
417
404
404
398
398
371
371
374
374
368
368
353
353
366
366
363
363
353
353
352
352
328
328
322
322
321
321
307
307
309
309
314
314
310
310
320
320
311
311
301
301
283
283
274
274
272
272
275
275
272
272
266
266
243
243
241
241
224
224
206
206
220
220
209
209
213
213
208
208
204
204
194
194
178
178
191
191
176
176
170
170
173
173
160
160
174
174
178
178
170
170
154
154
132
132
134
134
126
126
128
128
124
124
126
126
111
111
95
95
81
81
51
51
64
64
52
52
73
73
74
74
80
80
87
87
98
98
90
90
105
105
112
112
133
133
141
141
147
147
141
141
151
151
153
153
158
158
158
158
175
175
176
176
183
183
193
193
202
202
181
181
198
198
197
197
206
206
209
209
227
227
226
226
232
232
245
245
226
226
247
247
258
258
258
258
272
272
259
259
304
304
297
297
304
304
301
301
311
311
305
305
321
321
331
331
336
336
330
330
336
336
334
334
341
341
355
355
345
345
364
364
368
368
385
385
387
387
397
397
378
378
397
397
383
383
405
405
407
407
425
425
425
425
434
434
443
443
440
440
447
447
462
462
467
467
464
464
485
485
486
486
487
487
490
490
464
464
449
449
449
449
450
450
451
451
448
448
432
432
432
432
432
432
417
417
432
432
433
433
415
415
425
425
400
400
377
377
385
385
365
365
382
382
386
386
368
368
359
359
368
368
356
356
337
337
329
329
329
329
314
314
315
315
299
299
303
303
298
298
309
309
272
272
272
272
283
283
258
258
263
263
268
268
271
271
284
284
290
290
256
256
238
238
225
225
205
205
233
233
215
215
210
210
197
197
171
171
181
181
177
177
160
160
166
166
158
158
147
147
163
163
146
146
133
133
131
131
126
126
119
119
128
128
112
112
101
101
118
118
101
101
80
80
75
75
83
83
77
77
78
78
80
80
98
98
94
94
86
86
69
69
94
94
103
103
116
116
119
119
121
121
128
128
135
135
144
144
149
149
162
162
163
163
183
183
179
179
190
190
179
179
192
192
193
193
194
194
193
193
221
221
240
240
246
246
228
228
236
236
231
231
241
241
242
242
252
252
272
272
270
270
291
291
275
275
287
287
273
273
288
288
304
304
306
306
320
320
333
333
352
352
337
337
347
347
357
357
362
362
371
371
384
384
373
373
384
384
395
395
371
371
375
375
386
386
399
399
417
417
413
413
421
421
434
434
439
439
430
430
436
436
444
444
443
443
451
451
459
459
475
475
480
480
486
486
484
484
477
477
481
481
467
467
479
479
466
466
461
461
459
459
448
448
418
418
407
407
417
417
411
411
409
409
410
410
391
391
398
398
399
399
396
396
368
368
373
373
372
372
381
381
371
371
355
355
342
342
335
335
327
327
331
331
330
330
311
311
319
319
320
320
308
308
292
292
279
279
266
266
271
271
266
266
258
258
265
265
266
266
240
240
231
231
238
238
229
229
223
223
214
214
234
234
239
239
218
218
215
215
206
206
190
190
181
181
182
182
180
180
166
166
166
166
149
149
144
144
133
133
127
127
114
114
129
129
125
125
114
114
96
96
107
107
80
80
92
92
78
78
80
80
74
74
75
75
81
81
99
99
91
91
105
105
117
117
102
102
122
122
134
134
131
131
135
135
144
144
144
144
128
128
142
142
145
145
147
147
178
178
170
170
176
176
182
182
198
198
201
201
205
205
217
217
244
244
235
235
226
226
237
237
243
243
231
231
251
251
256
256
252
252
273
273
287
287
282
282
290
290
303
303
279
279
290
290
304
304
295
295
315
315
332
332
322
322
331
331
336
336
330
330
339
339
358
358
369
369
393
393
398
398
387
387
402
402
387
387
409
409
407
407
423
423
418
418
426
426
432
432
421
421
435
435
445
445
441
441
457
457
465
465
468
468
469
469
529
529
483
483
477
477
487
487
464
464
464
464
447
447
464
464
477
477
449
449
454
454
432
432
425
425
437
437
410
410
414
414
401
401
392
392
370
370
365
365
362
362
373
373
368
368
348
348
355
355
347
347
338
338
334
334
336
336
334
334
338
338
323
323
327
327
318
318
298
298
285
285
273
273
289
289
281
281
282
282
272
272
262
262
266
266
247
247
230
230
238
238
139
139
227
227
223
223
227
227
213
213
207
207
201
201
136
136
181
181
170
170
176
176
192
192
186
186
181
181
150
150
159
159
142
142
144
144
133
133
119
119
129
129
116
116
109
109
97
97
96
96
69
69
80
80
86
86
83
83
80
80
95
95
75
75
86
86
87
87
79
79
98
98
125
125
115
115
129
129
146
146
138
138
145
145
155
155
148
148
178
178
166
166
171
171
192
192
176
176
184
184
165
165
177
177
193
193
207
207
216
216
205
205
213
213
240
240
240
240
234
234
248
248
258
258
271
271
274
274
273
273
287
287
261
261
263
263
291
291
297
297
349
349
333
333
323
323
327
327
335
335
336
336
343
343
343
343
333
333
406
406
384
384
368
368
368
368
370
370
378
378
387
387
437
437
396
396
447
447
432
432
433
433
437
437
432
432
432
432
447
447
502
502
453
453
503
503
469
469
478
478
464
464
467
467
464
464
476
476
468
468
528
528
473
473
464
464
455
455
448
448
442
442
432
432
432
432
424
424
423
423
418
418
432
432
406
406
403
403
383
383
385
385
397
397
384
384
357
357
374
374
373
373
341
341
342
342
320
320
317
317
320
320
305
305
320
320
319
319
302
302
294
294
298
298
291
291
277
277
295
295
294
294
269
269
275
275
275
275
237
237
229
229
240
240
237
237
240
240
238
238
246
246
207
207
198
198
191
191
189
189
176
176
176
176
201
201
167
167
192
192
155
155
131
131
141
141
128
128
130
130
123
123
156
156
142
142
147
147
124
124
109
109
113
113
98
98
84
84
90
90
111
111
61
61
80
80
76
76
64
64
65
65
103
103
102
102
116
116
129
129
119
119
135
135
126
126
126
126
150
150
156
156
144
144
167
167
176
176
175
175
179
179
182
182
192
192
197
197
208
208
221
221
241
241
212
212
224
224
221
221
225
225
219
219
232
232
233
233
255
255
267
267
263
263
276
276
281
281
279
279
297
297
289
289
317
317
302
302
345
438
432
432
442
442
443
443
444
444
426
426
432
432
459
459
472
472
464
464
481
481
473
473
476
476
470
470
467
467
464
464
462
462
451
451
450
450
442
442
422
422
437
437
418
418
418
418
403
403
423
423
416
416
400
400
373
373
373
373
375
375
368
368
356
356
362
362
349
349
355
355
336
336
336
336
313
313
320
320
306
306
305
305
311
311
317
317
315
315
307
307
301
301
281
281
283
283
259
259
267
267
276
276
270
270
247
247
228
228
231
231
213
213
221
221
216
216
213
213
211
211
207
207
191
191
190
190
178
178
170
170
171
171
156
156
159
159
161
161
158
158
151
151
141
141
128
128
116
116
122
122
125
125
128
128
128
128
112
112
112
112
83
83
58
58
48
48
64
64
70
70
69
69
80
80
81
81
91
91
111
111
112
112
117
117
138
138
147
147
154
154
155
155
144
144
146
146
156
156
153
153
174
174
192
192
201
201
195
195
176
176
192
192
202
202
198
198
218
218
228
228
233
233
240
240
249
249
233
233
244
244
243
243
249
249
268
268
274
274
295
295
309
309
309
309
309
309
305
305
317
317
307
307
320
320
336
336
325
325
336
336
334
334
336
336
351
351
353
353
358
358
387
387
367
367
383
383
387
387
405
405
382
382
399
399
398
398
419
419
432
432
435
435
439
439
451
451
443
443
443
443
452
452
464
464
474
474
484
484
491
491
485
485
479
479
464
464
451
451
447
447
451
451
447
447
446
446
442
442
432
432
442
442
435
435
431
431
418
418
433
433
413
413
411
411
400
400
391
391
396
396
372
372
371
371
373
373
368
368
359
359
363
363
335
335
338
338
323
323
314
314
310
310
304
304
305
305
308
308
298
298
287
287
277
277
272
272
263
263
269
269
269
269
272
272
272
272
260
260
251
251
243
243
233
233
223
223
234
234
213
213
206
206
193
193
189
189
191
191
168
168
169
169
163
163
175
175
173
173
155
155
154
154
144
144
129
129
138
138
126
126
122
122
124
124
123
123
110
110
114
114
93
93
92
92
84
84
75
75
80
80
89
89
80
80
99
99
96
96
80
80
86
86
93
93
95
95
112
112
125
125
120
120
135
135
128
128
150
150
157
157
176
176
176
176
183
183
196
196
187
187
202
202
190
190
192
192
201
201
208
208
214
214
231
231
235
235
246
246
240
240
240
240
225
225
251
251
250
250
257
257
273
273
284
284
288
288
275
275
297
297
297
297
295
295
321
321
331
331
340
340
363
363
347
347
352
352
354
354
367
367
357
357
382
382
354
354
379
379
381
381
371
371
373
373
382
382
393
393
407
407
400
400
410
410
432
432
445
445
432
432
435
435
438
438
433
433
461
461
464
464
469
469
495
495
479
479
495
495
481
481
479
479
469
469
463
463
466
466
466
466
452
452
446
446
418
418
389
389
405
405
407
407
403
403
410
410
389
389
391
391
386
386
373
373
384
384
373
373
368
368
375
375
370
370
365
365
350
350
332
332
334
334
320
320
326
326
316
316
320
320
304
304
297
297
289
289
272
272
269
269
265
265
273
273
272
272
265
265
263
263
249
249
235
235
223
223
212
212
227
227
212
212
233
233
228
228
224
224
208
208
181
181
192
192
182
182
167
167
164
164
155
155
144
144
146
146
145
145
117
117
126
126
119
119
112
112
111
111
103
103
98
98
83
83
78
78
75
75
75
75
80
80
83
83
94
94
103
103
96
96
99
99
103
103
108
108
125
125
129
129
141
141
145
145
129
129
146
146
119
119
142
142
155
155
159
159
176
176
176
176
180
180
176
176
176
176
195
195
201
201
226
226
226
226
231
231
223
223
243
243
240
240
237
237
245
245
246
246
272
272
285
285
286
286
276
276
288
288
278
278
277
277
293
293
295
295
289
289
318
318
323
323
334
334
323
323
323
323
341
341
354
354
354
354
372
372
381
381
403
403
392
392
406
406
382
382
395
395
390
390
422
422
428
428
431
431
447
447
432
432
433
433
406
406
440
440
459
459
464
464
472
472
466
466
472
472
470
470
479
479
464
464
464
464
461
461
465
465
455
455
457
457
451
451
448
448
448
448
426
426
429
429
432
432
415
415
423
423
423
423
400
400
384
384
363
363
354
354
362
362
373
373
357
357
347
347
333
333
339
339
333
333
341
341
336
336
325
325
333
333
332
332
315
315
311
311
287
287
284
284
287
287
285
285
279
279
272
272
259
259
266
266
251
251
233
233
225
225
220
220
222
222
212
212
221
221
203
203
197
197
180
180
170
170
176
176
165
165
176
176
176
176
192
192
176
176
165
165
144
144
140
140
140
140
135
135
129
129
126
126
110
110
106
106
103
103
90
90
61
61
80
80
79
79
65
65
83
83
80
80
89
89
83
83
84
84
51
51
110
110
123
123
134
134
144
144
144
144
132
132
130
130
144
144
151
151
167
167
172
172
163
163
182
182
186
186
179
179
188
188
176
176
189
189
201
201
218
218
213
213
220
220
213
213
240
240
237
237
240
240
258
258
285
285
274
274
295
295
278
278
275
275
293
293
304
304
294
294
308
308
320
320
334
334
315
315
336
336
321
321
329
329
336
336
330
330
349
349
371
371
367
367
375
375
378
378
377
377
380
380
394
394
423
423
409
409
436
436
431
431
454
454
449
449
434
434
441
441
457
457
464
464
463
463
464
464
470
470
473
473
475
475
477
477
464
464
461
461
462
462
459
459
459
459
461
461
447
447
443
443
423
423
441
441
424
424
418
418
432
432
413
413
407
407
398
398
378
378
387
387
386
386
377
377
368
368
375
375
353
353
347
347
320
320
303
303
320
320
308
308
310
310
314
314
301
301
297
297
288
288
284
284
293
293
288
288
277
277
281
281
272
272
256
256
240
240
239
239
225
225
240
240
233
233
230
230
224
224
206
206
192
192
191
191
184
184
180
180
185
185
176
176
169
169
175
175
170
170
140
140
139
139
139
139
128
128
126
126
130
130
147
147
127
127
129
129
110
110
95
95
94
94
89
89
82
82
78
78
73
73
82
82
85
85
80
80
82
82
95
95
112
112
114
114
113
113
128
128
118
118
141
141
128
128
128
128
158
158
149
149
176
176
174
174
187
187
193
193
198
198
182
182
192
192
215
215
208
208
235
235
230
230
227
227
222
222
228
228
219
219
235
235
244
244
253
253
262
262
268
268
272
272
272
272
291
291
300
300
304
304
320
320
319
319
324
324
326
326
329
329
340
340
336
336
387
387
369
369
367
367
373
373
368
368
358
358
344
344
381
381
343
343
395
395
417
417
400
400
431
431
421
421
427
427
380
380
438
438
417
417
457
457
470
470
470
470
479
479
491
491
477
477
490
490
457
457
487
487
479
479
475
475
469
469
446
446
453
453
439
439
419
419
436
436
407
407
421
421
420
420
410
410
400
400
398
398
393
393
379
379
375
375
368
368
384
384
379
379
362
362
358
358
352
352
341
341
327
327
334
334
334
334
331
331
326
326
310
310
302
302
298
298
272
272
269
269
274
274
270
270
245
245
272
272
260
260
241
241
243
243
240
240
238
238
200
200
240
240
243
243
229
229
218
218
201
201
190
190
187
187
182
182
177
177
176
176
182
182
145
145
166
166
156
156
135
135
124
124
149
149
131
131
126
126
123
123
97
97
98
98
102
102
80
80
75
75
81
81
79
79
99
99
91
91
55
55
102
102
109
109
97
97
103
103
122
122
116
116
138
138
122
122
121
121
140
140
135
135
137
137
157
157
163
163
176
176
181
181
162
162
179
179
184
184
174
174
187
187
208
208
209
209
227
227
237
237
241
241
235
235
242
242
236
236
253
253
258
258
272
272
267
267
279
279
275
275
246
246
271
271
224
224
289
289
304
304
304
304
331
331
307
307
333
333
250
250
365
365
317
317
387
387
370
370
371
371
384
384
383
383
301
301
398
398
381
381
400
400
429
429
416
416
430
430
417
417
413
413
427
427
432
432
435
435
451
451
463
463
464
464
465
465
447
447
464
464
483
483
464
464
480
480
483
483
491
491
468
468
454
454
459
459
430
430
437
437
435
435
441
441
417
417
412
412
391
391
395
395
393
393
386
386
374
374
374
374
375
375
371
371
354
354
359
359
351
351
341
341
323
323
347
347
326
326
339
339
332
332
315
315
310
310
306
306
287
287
297
297
300
300
275
275
285
285
265
265
256
256
209
209
231
231
142
142
237
237
235
235
221
221
230
230
207
207
209
209
153
153
202
202
199
199
199
199
205
205
182
182
178
178
165
165
155
155
149
149
144
144
155
155
143
143
144
144
134
134
118
118
103
103
103
103
83
83
93
93
80
80
80
80
81
81
43
43
68
68
65
65
50
50
81
81
94
94
99
99
112
112
133
133
132
132
144
144
129
129
128
128
148
148
164
164
163
163
174
174
165
165
159
159
165
165
171
171
173
173
183
183
192
192
192
192
205
205
221
221
227
227
222
222
218
218
234
234
243
243
256
256
251
251
265
265
261
261
272
272
272
272
304
304
283
283
313
313
304
304
334
334
322
322
310
310
230
230
309
309
306
306
309
309
339
339
346
346
357
357
318
318
365
365
362
362
381
381
386
386
397
397
408
408
407
407
414
414
409
409
409
409
402
402
414
414
442
442
443
443
463
463
454
454
474
474
439
439
466
466
464
464
458
458
466
466
486
486
471
471
457
457
441
441
451
451
448
448
431
431
423
423
427
427
433
433
438
438
432
432
431
431
416
416
391
391
402
402
400
400
396
396
381
381
382
382
373
373
362
362
340
340
341
341
336
336
321
321
350
350
336
336
336
336
326
326
304
304
307
307
281
281
278
278
287
287
282
282
286
286
302
302
234
234
265
265
260
260
237
237
254
254
259
259
242
242
182
182
229
229
161
161
193
193
195
195
177
177
190
190
185
185
179
179
176
176
166
166
119
119
160
160
155
155
155
155
157
157
151
151
144
144
94
94
113
113
123
123
102
102
90
90
92
92
103
103
62
62
78
78
93
93
39
39
89
89
85
85
74
74
76
76
107
107
108
108
115
115
128
128
111
111
119
119
129
129
137
137
165
165
174
174
176
176
173
173
174
174
178
178
190
190
196
196
208
208
208
208
215
215
217
217
223
223
211
211
226
226
256
256
238
238
240
240
262
262
265
265
266
266
257
257
265
265
278
278
279
279
277
277
305
305
324
324
358
358
323
323
340
340
319
319
320
320
330
330
346
346
357
357
363
363
382
382
375
375
374
374
356
356
363
363
390
390
367
367
401
401
410
410
423
423
411
411
458
458
431
431
444
444
433
433
448
448
453
453
477
477
464
464
466
466
479
479
430
430
491
491
485
485
432
432
489
489
469
469
458
458
448
448
445
445
426
426
438
438
431
431
438
438
421
421
407
407
398
398
388
388
385
385
400
400
384
384
395
395
390
390
389
389
380
380
351
351
351
351
357
357
356
356
355
355
336
336
319
319
320
320
313
313
288
288
286
286
286
286
288
288
285
285
299
299
278
278
272
272
247
247
258
258
200
200
253
253
163
163
236
236
240
240
238
238
227
227
215
215
208
208
158
158
208
208
193
193
198
198
182
182
193
193
162
162
166
166
139
139
129
129
145
145
140
140
143
143
112
112
113
113
157
157
105
105
102
102
105
105
94
94
92
92
91
91
98
98
68
68
79
79
110
110
85
85
100
100
114
114
104
104
112
112
122
122
119
119
131
131
112
112
142
142
140
140
159
159
165
165
154
154
170
170
161
161
171
171
178
178
181
181
204
204
210
210
239
239
221
221
224
224
223
223
228
228
240
240
243
243
251
251
249
249
256
256
271
271
253
253
259
259
272
272
289
289
283
283
342
342
314
314
320
320
319
319
303
303
307
307
310
310
347
347
342
342
400
400
370
370
363
363
370
370
368
368
384
384
383
383
443
443
393
393
453
453
403
403
405
405
401
401
387
387
423
423
413
413
482
482
449
449
450
450
447
447
464
464
462
462
471
471
486
486
496
496
496
496
491
491
475
475
465
465
453
453
437
437
448
448
461
461
435
435
443
443
442
442
406
406
400
400
416
416
387
387
380
380
394
394
384
384
377
377
371
371
357
357
365
365
353
353
336
336
343
343
347
347
343
343
343
343
336
336
333
333
318
318
318
318
298
298
304
304
304
304
282
282
275
275
266
266
262
262
249
249
240
240
239
239
236
236
244
244
239
239
239
239
207
207
205
205
208
208
196
196
202
202
199
199
190
190
81
81
85
85
64
64
71
71
87
87
83
83
101
101
112
112
116
116
129
129
118
118
108
108
135
135
143
143
135
135
159
159
167
167
174
174
186
186
188
188
182
182
181
181
191
191
192
192
209
209
219
219
236
236
224
224
231
231
226
226
220
220
210
210
234
234
247
247
260
260
266
266
272
272
278
278
278
278
283
283
290
290
315
315
320
320
318
318
320
320
336
336
333
333
326
326
336
336
352
352
363
363
355
355
371
371
368
368
369
369
368
368
378
378
371
371
405
405
397
397
407
407
420
420
423
423
423
423
413
413
432
432
450
450
439
439
464
464
481
481
483
483
495
495
485
485
478
478
495
495
481
481
485
485
503
503
465
465
459
459
442
442
437
437
427
427
421
421
431
431
439
439
431
431
401
401
390
390
403
403
394
394
397
397
378
378
378
378
370
370
362
362
346
346
363
363
343
343
339
339
337
337
331
331
333
333
346
346
322
322
318
318
295
295
266
266
274
274
265
265
272
272
272
272
265
265
245
245
245
245
256
256
256
256
247
247
243
243
220
220
239
239
227
227
208
208
208
208
195
195
179
179
189
189
183
183
176
176
176
176
163
163
139
139
150
150
123
123
131
131
123
123
128
128
120
120
127
127
118
118
95
95
96
96
64
64
84
84
85
85
83
83
94
94
87
87
84
84
87
87
89
89
107
107
98
98
121
121
122
122
121
121
128
128
128
128
125
125
135
135
143
143
157
157
174
174
156
156
172
172
176
176
174
174
174
174
185
185
186
186
197
197
219
219
230
230
227
227
239
239
250
250
240
240
257
257
257
257
261
261
278
278
277
277
277
277
277
277
256
256
261
261
283
283
304
304
304
304
307
307
294
294
317
317
335
335
347
347
339
339
357
357
355
355
368
368
380
380
384
384
368
368
369
369
379
379
387
387
407
407
400
400
411
411
429
429
425
425
432
432
432
432
422
422
447
447
448
448
455
455
468
468
464
464
459
459
466
466
467
467
474
474
491
491
499
499
492
492
496
496
475
475
441
441
446
446
443
443
448
448
451
451
432
432
426
426
402
402
410
410
386
386
391
391
386
386
384
384
387
387
377
377
370
370
365
365
336
336
339
339
343
343
335
335
333
333
342
342
325
325
320
320
326
326
311
311
304
304
295
295
293
293
305
305
288
288
281
281
262
262
267
267
227
227
240
240
225
225
224
224
219
219
218
218
217
217
207
207
215
215
197
197
208
208
199
199
201
201
203
203
193
193
178
178
174
174
164
164
144
144
144
144
154
154
147
147
134
134
139
139
115
115
112
112
106
106
96
96
93
93
89
89
80
80
82
82
78
78
69
69
64
64
80
80
78
78
91
91
100
100
117
117
131
131
135
135
130
130
137
137
138
138
146
146
160
160
155
155
164
164
165
165
169
169
166
166
174
174
180
180
176
176
191
191
209
209
207
207
222
222
218
218
223
223
221
221
230
230
243
243
243
243
255
255
272
272
272
272
272
272
275
275
298
298
282
282
304
304
305
305
316
316
326
326
324
324
317
317
305
305
304
304
334
334
294
294
347
347
345
345
359
359
346
346
362
362
392
392
387
387
413
413
419
419
418
418
403
403
431
431
400
400
436
436
439
439
449
449
462
462
450
450
468
468
462
462
479
479
466
466
480
480
480
480
470
470
464
464
474
474
462
462
458
458
434
434
432
432
432
432
432
432
439
439
448
448
401
401
427
427
419
419
400
400
405
405
400
400
397
397
395
395
391
391
362
362
357
357
350
350
338
338
320
320
343
343
333
333
336
336
329
329
317
317
320
320
304
304
286
286
287
287
295
295
291
291
298
298
235
235
278
278
274
274
256
256
243
243
256
256
253
253
165
165
237
237
179
179
217
217
208
208
185
185
192
192
192
192
186
186
178
178
176
176
192
192
157
157
170
170
144
144
187
187
162
162
154
154
133
133
128
128
130
130
112
112
103
103
101
101
96
96
83
83
85
85
82
82
80
80
63
63
30
30
87
87
79
79
96
96
105
105
107
107
112
112
113
113
111
111
132
132
131
131
133
133
157
157
164
164
181
181
179
179
177
177
179
179
163
163
182
182
208
208
206
206
210
210
211
211
207
207
215
215
220
220
226
226
222
222
247
247
246
246
253
253
255
255
266
266
268
268
277
277
270
270
289
289
256
256
315
315
311
311
322
322
333
333
310
310
325
325
267
267
353
353
303
303
368
368
369
369
357
357
368
368
350
350
352
352
368
368
391
391
311
311
394
394
411
411
401
401
419
419
410
410
433
433
368
368
446
446
461
461
473
473
464
464
458
458
462
462
447
447
479
479
495
495
476
476
481
481
485
485
464
464
471
471
435
435
445
445
438
438
435
435
438
438
432
432
418
418
398
398
399
399
395
395
391
391
400
400
387
387
394
394
393
393
380
380
370
370
369
369
353
353
353
353
346
346
336
336
337
337
330
330
310
310
298
298
310
310
288
288
278
278
291
291
283
283
279
279
293
293
269
269
254
254
191
191
240
240
194
194
239
239
251
251
238
238
229
229
221
221
210
210
172
172
209
209
126
126
187
187
197
197
176
176
166
166
144
144
143
143
98
98
141
141
151
151
137
137
133
133
124
124
112
112
112
112
84
84
117
117
102
102
105
105
111
111
80
80
48
48
65
65
55
55
43
43
98
98
107
107
103
103
125
125
119
119
112
112
115
115
110
110
119
119
135
135
144
144
150
150
158
158
155
155
160
160
161
161
187
187
197
197
208
208
226
226
240
240
223
223
223
223
228
228
229
229
247
247
253
253
247
247
257
257
258
258
259
259
259
259
262
262
238
238
302
302
305
305
287
287
308
308
317
317
302
302
289
289
325
325
329
329
347
347
342
342
355
355
353
353
370
370
367
367
328
328
371
371
397
397
396
396
415
415
408
408
404
404
389
389
398
398
378
378
426
426
422
422
445
445
449
449
448
448
464
464
462
462
467
467
467
467
529
529
496
496
495
495
470
470
461
461
451
451
464
464
460
460
448
448
442
442
434
434
442
442
434
434
423
423
426
426
397
397
400
400
387
387
389
389
384
384
389
389
378
378
360
360
359
359
341
341
338
338
339
339
338
338
346
346
353
353
333
333
333
333
318
318
314
314
315
315
304
304
298
298
279
279
279
279
263
263
220
220
254
254
240
240
243
243
243
243
235
235
240
240
154
154
220
220
163
163
199
199
206
206
204
204
205
205
192
192
182
182
184
184
177
177
160
160
156
156
164
164
151
151
150
150
148
148
135
135
58
58
108
108
91
91
83
83
83
83
85
85
81
81
54
54
85
85
83
83
59
59
80
80
81
81
100
100
112
112
120
120
118
118
114
114
119
119
126
126
138
138
143
143
141
141
158
158
166
166
151
151
159
159
170
170
175
175
179
179
187
187
191
191
190
190
201
201
204
204
212
212
215
215
224
224
225
225
240
240
265
265
273
273
272
272
276
276
274
274
272
272
266
266
304
304
301
301
306
306
253
253
303
303
257
257
310
310
319
319
327
327
340
340
333
333
358
358
320
320
341
341
359
359
350
350
368
368
379
379
392
392
399
399
400
400
410
410
395
395
420
420
417
417
443
443
438
438
443
443
402
402
463
463
448
448
459
459
448
448
443
443
466
466
460
460
483
483
482
482
445
445
474
474
459
459
463
463
469
469
448
448
443
443
439
439
445
445
417
417
427
427
415
415
406
406
411
411
402
402
393
393
400
400
379
379
379
379
359
359
362
362
348
348
343
343
340
340
353
353
321
321
346
346
310
310
304
304
304
304
302
302
293
293
312
312
304
304
320
320
306
306
271
271
271
271
260
260
269
269
