130
130
145
145
160
160
163
163
113
113
172
172
141
141
157
157
159
159
176
176
231
231
192
192
186
186
194
194
205
205
205
205
225
225
209
209
227
227
245
245
226
226
241
241
254
254
247
247
251
251
272
272
287
287
275
275
273
273
301
301
338
338
311
311
305
305
292
292
306
306
320
320
336
336
322
322
336
336
352
352
350
350
355
355
374
374
347
347
370
370
400
400
401
401
407
407
407
407
401
401
410
410
419
419
437
437
439
439
461
461
440
440
447
447
449
449
464
464
437
437
457
457
493
493
478
478
517
517
518
518
496
496
518
518
489
489
479
479
461
461
462
462
466
466
477
477
462
462
464
464
454
454
411
411
449
449
423
423
426
426
409
409
429
429
398
398
405
405
388
388
354
354
384
384
379
379
368
368
370
370
355
355
339
339
347
347
351
351
325
325
342
342
331
331
303
303
321
321
305
305
285
285
271
271
301
301
272
272
296
296
286
286
274
274
259
259
251
251
266
266
218
218
236
236
207
207
208
208
224
224
219
219
203
203
175
175
175
175
171
171
192
192
175
175
162
162
175
175
178
178
169
169
144
144
128
128
121
121
135
135
113
113
115
115
107
107
99
99
110
110
87
87
110
110
90
90
55
55
91
91
112
112
101
101
90
90
106
106
99
99
120
120
101
101
123
123
129
129
154
154
156
156
139
139
169
169
149
149
172
172
186
186
197
197
192
192
189
189
166
166
192
192
204
204
210
210
208
208
211
211
231
231
238
238
239
239
240
240
253
253
238
238
271
271
295
295
273
273
273
273
294
294
288
288
310
310
297
297
311
311
311
311
325
325
339
339
336
336
350
350
339
339
352
352
336
336
368
368
365
365
363
363
385
385
386
386
386
386
390
390
384
384
401
401
404
404
432
432
439
439
439
439
434
434
443
443
429
429
450
450
462
462
469
469
486
486
479
479
483
483
458
458
497
497
491
491
490
490
496
496
495
495
467
467
484
484
475
475
449
449
439
439
439
439
427
427
448
448
444
444
433
433
400
400
405
405
400
400
419
419
400
400
377
377
386
386
384
384
385
385
353
353
381
381
336
336
331
331
368
368
349
349
302
302
315
315
324
324
306
306
308
308
294
294
299
299
320
320
276
276
303
303
266
266
272
272
256
256
260
260
264
264
254
254
230
230
260
260
208
208
219
219
219
219
194
194
194
194
210
210
193
193
183
183
176
176
173
173
166
166
158
158
165
165
148
148
165
165
176
176
158
158
124
124
126
126
113
113
103
103
117
117
87
87
97
97
86
86
91
91
101
101
77
77
83
83
110
110
107
107
115
221
237
237
224
224
208
208
240
240
242
242
267
267
258
258
272
272
270
270
308
308
283
283
278
278
299
299
272
272
303
303
315
315
308
308
326
326
322
322
322
322
361
361
331
331
336
336
385
385
342
342
384
384
381
381
368
368
354
354
391
391
375
375
384
384
423
423
384
384
407
407
447
447
430
430
429
429
432
432
442
442
447
447
509
509
439
439
464
464
443
443
468
468
495
495
494
494
494
494
471
471
522
522
478
478
516
516
447
447
449
449
463
463
454
454
467
467
423
423
437
437
458
458
432
432
415
415
385
385
384
384
421
421
375
375
417
417
355
355
354
354
368
368
366
366
358
358
353
353
350
350
294
294
386
386
310
310
290
290
311
311
289
289
337
337
268
268
333
333
283
283
300
300
309
309
250
250
270
270
233
233
269
269
258
258
263
263
229
229
224
224
225
225
237
237
251
251
208
208
239
239
181
181
200
200
230
230
192
192
163
163
153
153
197
197
150
150
214
214
144
144
134
134
138
138
145
145
150
150
122
122
132
132
148
148
114
114
116
116
90
90
92
92
97
97
80
80
80
80
145
145
110
110
91
91
146
146
155
155
128
128
154
154
152
152
154
154
154
154
182
182
160
160
171
171
161
161
176
176
185
185
173
173
187
187
202
202
215
215
251
251
201
201
208
208
256
256
229
229
249
249
282
282
260
260
237
237
284
284
269
269
253
253
293
293
267
267
297
297
341
341
307
307
288
288
295
295
304
304
307
307
357
357
322
322
336
336
325
325
353
353
371
371
354
354
351
351
353
353
385
385
389
389
417
417
389
389
383
383
407
407
402
402
394
394
418
418
425
425
406
406
454
454
453
453
437
437
479
479
447
447
493
493
469
469
500
500
491
491
484
484
496
496
495
495
463
463
482
482
455
455
448
448
479
479
464
464
423
423
465
465
421
421
431
431
443
443
405
405
403
403
428
428
384
384
400
400
402
402
359
359
379
379
384
384
400
400
368
368
371
371
373
373
385
385
349
349
331
331
336
336
319
319
294
294
366
366
318
318
299
299
295
295
306
306
292
292
320
320
272
272
251
251
272
272
289
289
272
272
258
258
240
240
211
211
224
224
250
250
238
238
224
224
192
192
214
214
183
183
250
250
181
181
167
167
181
181
208
208
176
176
158
158
145
145
128
128
151
151
158
158
121
121
144
144
112
112
123
123
107
107
110
110
75
75
112
112
86
86
138
138
91
91
80
80
123
123
79
79
117
117
122
122
173
173
117
117
176
176
161
161
131
131
160
160
165
165
140
140
202
202
196
196
170
170
176
176
201
201
178
178
238
238
177
177
211
211
182
182
236
236
249
249
235
235
241
241
226
226
257
257
256
256
281
281
243
243
267
267
306
306
272
272
300
300
275
275
272
272
279
279
322
322
337
337
333
333
336
336
320
320
361
361
320
320
359
359
343
343
397
397
366
366
389
389
386
386
386
386
370
370
451
451
416
416
391
391
445
445
405
405
444
444
445
445
432
432
445
445
460
460
467
467
469
469
486
486
467
467
494
494
502
502
528
528
497
497
469
469
487
487
483
483
485
485
436
436
463
463
418
418
460
460
492
492
441
441
425
425
430
430
427
427
404
404
462
462
401
401
388
388
383
383
400
400
413
413
371
371
367
367
353
353
365
365
359
359
345
345
339
339
336
336
352
352
321
321
309
309
287
287
287
287
318
318
324
324
310
310
281
281
277
277
257
257
273
273
256
256
257
257
257
257
227
227
256
256
249
249
224
224
207
207
207
207
192
192
215
215
190
190
159
159
194
194
171
171
191
191
176
176
141
141
144
144
174
174
167
167
133
133
144
144
111
111
115
115
118
118
102
102
83
83
95
95
95
95
101
101
110
110
57
57
92
92
71
71
97
97
126
126
112
112
112
112
119
119
112
112
139
139
146
146
123
123
130
130
155
155
157
157
206
206
146
146
160
160
178
178
192
192
205
205
176
176
214
214
186
186
226
226
194
194
225
225
231
231
226
226
269
269
256
256
270
270
272
272
261
261
266
266
292
292
286
286
272
272
330
330
282
282
313
313
341
341
310
310
311
311
358
358
336
336
341
341
363
363
350
350
368
368
454
454
360
360
382
382
367
367
397
397
422
422
410
410
389
389
443
443
402
402
445
445
464
464
417
417
454
454
464
464
449
449
464
464
495
495
453
453
461
461
466
466
498
498
510
510
519
519
506
506
451
451
508
508
496
496
464
464
447
447
449
449
483
483
446
446
465
465
407
407
413
413
432
432
422
422
429
429
412
412
381
381
387
387
420
420
385
385
379
379
387
387
346
346
382
382
349
349
365
365
357
357
309
309
320
320
316
316
304
304
298
298
324
324
295
295
320
320
309
309
273
273
263
263
298
298
272
272
254
254
256
256
240
240
244
244
260
260
201
201
215
215
211
211
229
229
209
209
228
228
177
177
181
181
167
167
181
181
193
193
142
142
160
160
139
139
145
145
147
147
172
172
111
111
128
128
143
143
101
101
144
144
90
90
96
96
107
107
93
93
90
90
70
70
74
74
67
67
108
108
84
84
118
118
95
95
103
103
135
135
108
108
136
136
130
130
142
142
159
159
162
162
128
128
176
176
158
158
202
202
220
220
214
214
205
205
208
208
227
227
219
219
225
225
203
203
250
250
251
251
254
254
224
224
234
234
246
246
262
262
304
304
276
276
302
302
304
304
306
306
336
336
329
329
321
321
307
307
343
343
343
343
368
368
327
327
341
341
351
351
361
361
396
396
368
368
381
381
395
395
397
397
432
432
404
404
400
400
379
379
428
428
407
407
461
461
417
417
432
432
463
463
467
467
464
464
467
467
469
469
483
483
483
483
496
496
495
495
495
495
483
483
496
496
477
477
466
466
459
459
403
403
448
448
479
479
448
448
398
398
448
448
421
421
428
428
417
417
409
409
373
373
398
398
406
406
375
375
400
400
352
352
374
374
399
399
366
366
333
333
320
320
326
326
336
336
359
359
305
305
315
315
284
284
304
304
304
304
298
298
275
275
261
261
279
279
293
293
281
281
245
245
243
243
240
240
239
239
243
243
214
214
203
203
226
226
224
224
219
219
190
190
187
187
179
179
199
199
175
175
195
195
175
175
147
147
167
167
145
145
133
133
129
129
116
116
114
114
151
151
111
111
107
107
130
130
105
105
112
112
115
115
82
82
80
80
125
125
115
115
77
77
87
87
81
81
116
116
125
125
127
127
144
144
111
111
142
142
150
150
155
155
153
153
187
187
159
159
177
177
209
209
177
177
176
176
188
188
211
211
209
209
243
243
223
223
214
214
240
240
235
235
267
267
245
245
256
256
249
249
287
287
300
300
276
276
281
281
275
275
304
304
275
275
320
320
302
302
309
309
356
356
336
336
343
343
333
333
339
339
357
357
369
369
377
377
361
361
384
384
372
372
386
386
385
385
385
385
400
400
407
407
432
432
431
431
419
419
394
394
452
452
420
420
433
433
449
449
434
434
466
466
478
478
464
464
463
463
475
475
483
483
505
505
532
532
474
474
469
469
458
458
464
464
427
427
465
465
419
419
426
426
432
432
432
432
447
447
402
402
409
409
400
400
419
419
409
409
391
391
351
351
381
381
386
386
342
342
358
358
335
335
342
342
418
418
359
359
375
375
321
321
309
309
317
317
322
322
301
301
329
329
286
286
275
275
285
285
251
251
272
272
267
267
240
240
248
248
284
284
249
249
247
247
206
206
208
208
238
238
210
210
202
202
231
231
204
204
208
208
188
188
166
166
188
188
173
173
173
173
158
158
144
144
154
154
150
150
208
208
112
112
128
128
94
94
110
110
171
171
91
91
110
110
88
88
112
112
92
92
106
106
87
87
165
165
135
135
89
89
149
149
128
128
123
123
124
124
140
140
178
178
145
145
150
150
167
167
212
212
161
161
213
213
163
163
181
181
235
235
204
204
237
237
212
212
222
222
202
202
254
254
231
231
243
243
253
253
241
241
277
277
277
277
269
269
272
272
268
268
305
305
295
295
285
285
313
313
332
332
300
300
313
313
327
327
307
307
342
342
359
359
368
368
341
341
375
375
339
339
375
375
404
404
371
371
383
383
373
373
423
423
403
403
416
416
397
397
391
391
407
407
446
446
458
458
443
443
465
465
449
449
459
459
485
485
474
474
446
446
464
464
494
494
447
447
528
528
475
475
460
460
464
464
473
473
497
497
441
441
470
470
426
426
446
446
425
425
432
432
404
404
412
412
438
438
403
403
400
400
407
407
335
335
385
385
411
411
374
374
362
362
388
388
347
347
365
365
351
351
335
335
335
335
334
334
350
350
336
336
336
336
308
308
320
320
272
272
299
299
289
289
246
246
288
288
298
298
263
263
258
258
268
268
189
189
252
252
266
266
226
226
219
219
217
217
255
255
225
225
218
218
185
185
160
160
195
195
206
206
225
225
175
175
150
150
139
139
131
131
185
185
113
113
115
115
149
149
145
145
144
144
139
139
60
60
74
74
93
93
84
84
83
83
66
66
75
75
113
113
126
126
112
112
101
101
126
126
128
128
176
176
137
137
142
142
155
155
131
131
142
142
171
171
144
144
160
160
186
186
166
166
190
190
203
203
206
206
201
201
222
222
243
243
218
218
238
238
208
208
242
242
269
269
239
239
240
240
243
243
289
289
295
295
315
315
277
277
288
288
288
288
314
314
346
346
291
291
358
358
317
317
343
343
345
345
333
333
323
323
343
343
371
371
369
369
405
405
369
369
375
375
399
399
389
389
406
406
394
394
418
418
411
411
439
439
427
427
441
441
426
426
428
428
486
486
453
453
489
489
503
503
449
449
479
479
524
524
493
493
471
471
508
508
433
433
490
490
490
490
464
464
470
470
450
450
464
464
451
451
443
443
452
452
437
437
428
428
417
417
370
370
385
385
400
400
392
392
392
392
385
385
345
345
382
382
400
400
316
316
368
368
287
287
352
352
361
361
343
343
304
304
304
304
305
305
306
306
304
304
299
299
301
301
283
283
272
272
297
297
240
240
253
253
256
256
240
240
240
240
261
261
202
202
208
208
235
235
193
193
213
213
209
209
177
177
189
189
214
214
179
179
173
173
161
161
155
155
160
160
144
144
144
144
145
145
120
120
137
137
128
128
89
89
85
85
122
122
80
80
110
110
93
93
64
64
87
87
83
83
70
70
80
80
99
99
64
64
122
122
150
150
78
78
114
114
141
141
160
160
172
172
171
171
163
163
173
173
171
171
183
183
188
188
161
161
227
227
177
177
208
208
230
230
205
205
198
198
286
286
215
215
258
258
277
277
255
255
262
262
272
272
272
272
289
289
267
267
278
278
316
316
320
320
314
314
327
327
322
322
318
318
342
342
328
328
365
365
351
351
336
336
353
353
385
385
405
405
357
357
400
400
368
368
419
419
397
397
412
412
435
435
440
440
448
448
419
419
434
434
431
431
455
455
479
479
464
464
431
431
418
418
432
432
413
413
400
400
400
400
395
395
386
386
391
391
368
368
355
355
367
367
352
352
366
366
349
349
334
334
335
335
314
314
320
320
287
287
314
314
294
294
300
300
279
279
272
272
326
326
270
270
271
271
253
253
247
247
255
255
235
235
262
262
233
233
237
237
199
199
189
189
206
206
206
206
165
165
174
174
189
189
162
162
184
184
179
179
162
162
160
160
142
142
163
163
150
150
154
154
103
103
116
116
98
98
137
137
124
124
111
111
103
103
81
81
115
115
80
80
84
84
66
66
69
69
105
105
111
111
128
128
115
115
126
126
117
117
128
128
130
130
144
144
157
157
166
166
191
191
171
171
176
176
166
166
183
183
205
205
208
208
210
210
209
209
208
208
221
221
220
220
222
222
237
237
254
254
240
240
240
240
261
261
266
266
241
241
271
271
279
279
277
277
290
290
295
295
310
310
320
320
339
339
320
320
320
320
338
338
351
351
359
359
349
349
374
374
353
353
356
356
374
374
352
352
394
394
381
381
401
401
401
401
410
410
400
400
398
398
422
422
432
432
434
434
444
444
460
460
464
464
455
455
464
464
449
449
467
467
477
477
509
509
496
496
519
519
483
483
485
485
487
487
458
458
465
465
448
448
455
455
445
445
450
450
432
432
441
441
423
423
416
416
415
415
416
416
407
407
423
423
407
407
386
386
386
386
381
381
371
371
380
380
364
364
354
354
347
347
327
327
331
331
320
320
315
315
302
302
308
308
290
290
304
304
301
301
270
270
269
269
276
276
270
270
259
259
272
272
235
235
256
256
256
256
249
249
239
239
221
221
240
240
223
223
224
224
213
213
203
203
177
177
175
175
177
177
155
155
173
173
155
155
157
157
157
157
149
149
150
150
144
144
146
146
128
128
121
121
146
146
112
112
93
93
98
98
93
93
78
78
90
90
87
87
83
83
95
95
109
109
107
107
130
130
112
112
115
115
134
134
144
144
140
140
142
142
145
145
139
139
165
165
165
165
163
163
202
202
213
213
194
194
207
207
208
208
213
213
223
223
224
224
237
237
241
241
259
259
245
245
233
233
224
224
273
273
261
261
288
288
295
295
263
263
291
291
304
304
310
310
299
299
303
303
320
320
313
313
339
339
353
353
346
346
343
343
352
352
371
371
368
368
386
386
368
368
379
379
397
397
398
398
391
391
385
385
394
394
414
414
423
423
429
429
419
419
436
436
438
438
453
453
450
450
457
457
469
469
465
465
477
477
491
491
481
481
481
481
496
496
483
483
491
491
478
478
467
467
450
450
449
449
455
455
437
437
453
453
434
434
429
429
426
426
418
418
396
396
395
395
403
403
379
379
383
383
368
368
373
373
383
383
383
383
368
368
348
348
345
345
331
331
368
368
346
346
336
336
320
320
310
310
317
317
290
290
307
307
274
274
294
294
302
302
292
292
267
267
260
260
263
263
240
240
256
256
242
242
240
240
221
221
225
225
235
235
223
223
219
219
193
193
199
199
208
208
206
206
186
186
167
167
160
160
143
143
148
148
131
131
157
157
145
145
143
143
133
133
110
110
111
111
107
107
115
115
109
109
100
100
91
91
77
77
79
79
80
80
90
90
80
80
112
112
109
109
131
131
145
145
123
123
137
137
131
131
147
147
173
173
169
169
171
171
155
155
176
176
179
179
192
192
163
163
190
190
193
193
215
215
209
209
228
228
237
237
225
225
241
241
250
250
240
240
249
249
269
269
270
270
262
262
272
272
265
265
278
278
288
288
309
309
304
304
305
305
321
321
320
320
320
320
319
319
329
329
323
323
351
351
363
363
368
368
370
370
373
373
373
373
375
375
388
388
389
389
397
397
419
419
427
427
414
414
429
429
419
419
404
404
421
421
441
441
448
448
447
447
448
448
464
464
476
476
480
480
484
484
486
486
498
498
497
497
491
491
475
475
471
471
464
464
467
467
461
461
458
458
448
448
447
447
435
435
423
423
429
429
416
416
400
400
410
410
420
420
400
400
384
384
384
384
375
375
368
368
363
363
352
352
332
332
353
353
375
375
354
354
358
358
335
335
322
322
321
321
316
316
317
317
294
294
304
304
297
297
277
277
270
270
261
261
251
251
272
272
258
258
226
226
259
259
235
235
235
235
233
233
219
219
211
211
206
206
208
208
206
206
182
182
163
163
177
177
176
176
190
190
157
157
161
161
151
151
140
140
138
138
129
129
127
127
103
103
128
128
103
103
105
105
96
96
82
82
85
85
91
91
99
99
88
88
107
107
127
127
127
127
115
115
105
105
109
109
130
130
153
153
149
149
176
176
153
153
177
177
149
149
177
177
178
178
176
176
192
192
191
191
212
212
203
203
202
202
191
191
209
209
215
215
227
227
267
267
257
257
263
263
256
256
272
272
272
272
272
272
287
287
293
293
295
295
298
298
331
331
290
290
304
304
334
334
321
321
320
320
357
357
352
352
356
356
357
357
342
342
350
350
366
366
375
375
400
400
389
389
403
403
400
400
420
420
401
401
419
419
432
432
439
439
457
457
450
450
466
466
445
445
442
442
455
455
468
468
478
478
470
470
496
496
506
506
506
506
490
490
496
496
483
483
471
471
489
489
473
473
483
483
448
448
449
449
446
446
434
434
442
442
432
432
447
447
417
417
432
432
413
413
403
403
382
382
392
392
371
371
369
369
381
381
364
364
374
374
342
342
330
330
321
321
320
320
330
330
316
316
325
325
275
275
311
311
304
304
301
301
293
293
272
272
304
304
273
273
286
286
257
257
272
272
239
239
240
240
258
258
231
231
234
234
218
218
240
240
198
198
207
207
193
193
171
171
178
178
185
185
166
166
174
174
191
191
158
158
156
156
161
161
131
131
134
134
132
132
135
135
123
123
121
121
109
109
85
85
75
75
81
81
100
100
71
71
91
91
97
97
95
95
107
107
110
110
121
121
118
118
151
151
144
144
160
160
138
138
138
138
144
144
160
160
166
166
177
177
194
194
192
192
208
208
201
201
196
196
199
199
209
209
215
215
224
224
235
235
224
224
234
234
237
237
242
242
269
269
263
263
266
266
288
288
302
302
303
303
303
303
301
301
302
302
320
320
319
319
348
348
320
320
331
331
341
341
337
337
354
354
346
346
346
346
367
367
388
388
383
383
390
390
379
379
389
389
400
400
403
403
412
412
425
425
427
427
422
422
454
454
444
444
436
436
446
446
448
448
471
471
484
484
466
466
470
470
485
485
484
484
477
477
494
494
478
478
490
490
491
491
480
480
463
463
463
463
459
459
466
466
451
451
437
437
432
432
426
426
417
417
389
389
400
400
406
406
394
394
393
393
399
399
363
363
355
355
356
356
357
357
400
400
338
338
333
333
340
340
336
336
320
320
304
304
304
304
283
283
283
283
306
306
304
304
283
283
272
272
274
274
274
274
261
261
241
241
251
251
263
263
250
250
233
233
239
239
219
219
194
194
202
202
208
208
213
213
192
192
194
194
196
196
155
155
161
161
141
141
158
158
137
137
148
148
143
143
127
127
141
141
129
129
110
110
105
105
119
119
112
112
111
111
101
101
80
80
75
75
77
77
89
89
82
82
111
111
96
96
109
109
118
118
114
114
136
136
124
124
144
144
144
144
164
164
176
176
154
154
161
161
165
165
176
176
181
181
202
202
203
203
218
218
221
221
220
220
226
226
215
215
238
238
248
248
244
244
272
272
253
253
270
270
257
257
275
275
295
295
272
272
277
277
304
304
317
317
335
335
322
322
324
324
335
335
336
336
343
343
355
355
350
350
350
350
378
378
368
368
361
361
377
377
368
368
395
395
400
400
407
407
398
398
406
406
407
407
414
414
430
430
418
418
434
434
448
448
461
461
477
477
454
454
464
464
449
449
477
477
486
486
496
496
489
489
501
501
502
502
475
475
467
467
447
447
445
445
454
454
461
461
448
448
432
432
427
427
418
418
430
430
425
425
418
418
415
415
390
390
414
414
370
370
368
368
383
383
363
363
361
361
371
371
349
349
350
350
344
344
336
336
340
340
329
329
307
307
305
305
304
304
311
311
300
300
287
287
271
271
289
289
269
269
272
272
262
262
259
259
257
257
270
270
243
243
208
208
246
246
211
211
234
234
223
223
193
193
199
199
190
190
192
192
190
190
174
174
167
167
159
159
181
181
170
170
163
163
138
138
133
133
114
114
128
128
129
129
109
109
107
107
112
112
121
121
98
98
97
97
80
80
80
80
119
119
98
98
113
113
111
111
106
106
101
101
128
128
114
114
131
131
138
138
144
144
144
144
144
144
149
149
160
160
170
170
187
187
197
197
198
198
203
203
200
200
165
165
208
208
219
219
218
218
233
233
247
247
273
273
245
245
259
259
246
246
272
272
267
267
268
268
278
278
289
289
289
289
299
299
302
302
286
286
306
306
304
304
331
331
339
339
326
326
350
350
362
362
368
368
368
368
368
368
383
383
384
384
400
400
395
395
379
379
373
373
400
400
398
398
426
426
411
411
443
443
432
432
462
462
453
453
451
451
442
442
464
464
469
469
481
481
490
490
480
480
494
494
495
495
485
485
477
477
467
467
475
475
464
464
466
466
447
447
447
447
420
420
426
426
423
423
414
414
401
401
400
400
411
411
385
385
399
399
393
393
371
371
382
382
377
377
368
368
348
348
355
355
327
327
338
338
359
359
320
320
336
336
336
336
322
322
316
316
309
309
278
278
278
278
289
289
272
272
305
305
266
266
265
265
255
255
244
244
239
239
219
219
231
231
240
240
238
238
238
238
240
240
194
194
205
205
210
210
194
194
201
201
189
189
179
179
167
167
162
162
176
176
143
143
144
144
142
142
143
143
129
129
134
134
123
123
112
112
107
107
97
97
80
80
80
80
88
88
77
77
112
112
108
108
93
93
116
116
103
103
142
142
131
131
147
147
146
146
144
144
144
144
138
138
136
136
167
167
183
183
176
176
176
176
171
171
176
176
205
205
203
203
223
223
201
201
214
214
240
240
241
241
231
231
238
238
219
219
244
244
259
259
279
279
289
289
273
273
274
274
287
287
293
293
310
310
281
281
317
317
310
310
322
322
318
318
336
336
325
325
329
329
356
356
328
328
368
368
368
368
375
375
384
384
391
391
389
389
383
383
401
401
400
400
405
405
422
422
415
415
432
432
414
414
432
432
435
435
446
446
445
445
469
469
478
478
479
479
484
484
464
464
473
473
483
483
499
499
496
496
480
480
477
477
493
493
471
471
448
448
462
462
459
459
449
449
451
451
448
448
417
417
411
411
406
406
398
398
412
412
384
384
393
393
388
388
389
389
384
384
355
355
368
368
375
375
368
368
367
367
357
357
336
336
320
320
341
341
306
306
310
310
309
309
308
308
305
305
304
304
283
283
290
290
288
288
304
304
272
272
265
265
258
258
238
238
246
246
243
243
233
233
199
199
212
212
208
208
207
207
208
208
218
218
191
191
201
201
182
182
186
186
165
165
184
184
163
163
153
153
167
167
130
130
115
115
113
113
115
115
119
119
116
116
117
117
91
91
106
106
85
85
80
80
71
71
81
81
94
94
114
114
114
114
85
85
124
124
106
106
131
131
131
131
144
144
145
145
162
162
119
119
174
174
168
168
170
170
209
209
193
193
191
191
179
179
189
189
181
181
240
240
237
237
221
221
256
256
242
242
256
256
267
354
366
366
359
359
377
377
387
387
386
386
412
412
403
403
416
416
403
403
425
425
432
432
431
431
438
438
450
450
453
453
464
464
478
478
464
464
453
453
469
469
464
464
467
467
493
493
487
487
471
471
481
481
482
482
465
465
449
449
463
463
475
475
451
451
477
477
466
466
446
446
448
448
441
441
423
423
410
410
427
427
414
414
393
393
401
401
368
368
347
347
355
355
355
355
355
355
357
357
340
340
336
336
333
333
320
320
313
313
315
315
311
311
324
324
302
302
310
310
303
303
303
303
293
293
295
295
301
301
278
278
273
273
267
267
253
253
240
240
239
239
208
208
190
190
208
208
192
192
195
195
186
186
190
190
185
185
178
178
195
195
187
187
176
176
177
177
158
158
165
165
157
157
121
121
134
134
133
133
120
120
129
129
125
125
107
107
80
80
77
77
77
77
74
74
86
86
81
81
101
101
109
109
97
97
105
105
118
118
121
121
142
142
129
129
176
176
180
180
159
159
173
173
176
176
179
179
198
198
201
201
202
202
206
206
201
201
209
209
210
210
207
207
221
221
230
230
241
241
253
253
246
246
243
243
257
257
262
262
261
261
274
274
281
281
291
291
290
290
309
309
318
318
317
317
323
323
339
339
340
340
329
329
347
347
346
346
339
339
351
351
336
336
357
357
368
368
381
381
384
384
389
389
384
384
395
395
400
400
403
403
420
420
439
439
448
448
448
448
457
457
461
461
454
454
455
455
467
467
478
478
486
486
494
494
495
495
490
490
486
486
491
491
470
470
464
464
455
455
465
465
453
453
454
454
451
451
443
443
430
430
432
432
425
425
442
442
443
443
448
448
415
415
389
389
426
426
394
394
393
393
397
397
379
379
365
365
377
377
354
354
337
337
330
330
335
335
336
336
320
320
318
318
319
319
301
301
291
291
288
288
270
270
287
287
292
292
293
293
276
276
283
283
266
266
251
251
268
268
248
248
248
248
256
256
246
246
234
234
215
215
218
218
182
182
168
168
176
176
172
172
172
172
159
159
153
153
144
144
139
139
154
154
143
143
139
139
157
157
154
154
137
137
113
113
112
112
110
110
112
112
64
64
103
103
96
96
108
108
95
95
81
81
101
101
82
82
94
94
99
99
119
119
112
112
125
125
144
144
136
136
127
127
144
144
166
166
178
178
170
170
202
202
197
197
206
206
194
194
219
219
189
189
213
213
222
222
237
237
239
239
239
239
239
239
246
246
249
249
240
240
272
272
273
273
269
269
281
281
274
274
286
286
286
286
318
318
309
309
320
320
320
320
333
333
337
337
336
336
350
350
338
338
355
355
355
355
391
391
384
384
381
381
381
381
382
382
375
375
394
394
399
399
400
400
409
409
426
426
419
419
419
419
448
448
450
450
447
447
457
457
475
475
469
469
481
481
477
477
483
483
496
496
508
508
496
496
490
490
489
489
486
486
459
459
463
463
448
448
431
431
458
458
451
451
419
419
422
422
419
419
400
400
396
396
385
385
415
415
399
399
411
411
398
398
384
384
377
377
386
386
365
365
362
362
369
369
336
336
338
338
321
321
322
322
317
317
305
305
307
307
295
295
290
290
289
289
275
275
272
272
258
258
258
258
242
242
256
256
253
253
260
260
243
243
249
249
240
240
225
225
235
235
209
209
222
222
194
194
209
209
186
186
177
177
161
161
144
144
165
165
153
153
144
144
132
132
116
116
120
120
118
118
114
114
121
121
99
99
110
110
118
118
95
95
85
85
91
91
80
80
85
85
96
96
124
124
111
111
132
132
117
117
125
125
122
122
128
128
132
132
142
142
161
161
150
150
174
174
144
144
160
160
183
183
166
166
192
192
181
181
205
205
229
229
222
222
224
224
235
235
240
240
246
246
259
259
253
253
260
260
240
240
265
265
258
258
252
252
267
267
286
286
298
298
287
287
290
290
305
305
298
298
309
309
317
317
327
327
339
339
335
335
350
350
353
353
370
370
379
379
370
370
384
384
393
393
410
410
403
403
406
406
416
416
411
411
386
386
401
401
416
416
409
409
420
420
430
430
443
443
427
427
451
451
456
456
480
480
482
482
494
494
496
496
526
526
499
499
482
482
483
483
481
481
478
478
484
484
477
477
464
464
448
448
446
446
419
419
429
429
427
427
402
402
400
400
404
404
400
400
379
379
368
368
383
383
357
357
358
358
373
373
368
368
369
369
376
376
357
357
334
334
329
329
336
336
333
333
329
329
321
321
306
306
304
304
291
291
273
273
275
275
273
273
275
275
259
259
258
258
272
272
241
241
242
242
240
240
219
219
221
221
226
226
223
223
231
231
213
213
214
214
201
201
192
192
190
190
173
173
176
176
171
171
170
170
135
135
139
139
128
128
129
129
113
113
112
112
110
110
101
101
86
86
93
93
99
99
86
86
94
94
80
80
93
93
112
112
95
95
110
110
105
105
119
119
133
133
124
124
140
140
147
147
140
140
156
156
158
158
158
158
157
157
169
169
167
167
174
174
178
178
201
201
186
186
189
189
219
219
219
219
226
226
232
232
245
245
249
249
260
260
254
254
247
247
273
273
290
290
287
287
276
276
294
294
274
274
294
294
295
295
302
302
291
291
311
311
320
320
331
331
320
320
339
339
331
331
335
335
361
361
361
361
346
346
373
373
389
389
387
387
414
414
401
401
422
422
417
417
425
425
438
438
436
436
432
432
425
425
429
429
446
446
463
463
459
459
464
464
469
469
479
479
458
458
490
490
480
480
487
487
485
485
493
493
472
472
471
471
448
448
460
460
438
438
447
447
441
441
432
432
421
421
419
419
413
413
403
403
397
397
379
379
387
387
384
384
373
373
379
379
374
374
363
363
337
337
350
350
321
321
338
338
338
338
341
341
341
341
326
326
327
327
323
323
303
303
286
286
311
311
297
297
280
280
271
271
254
254
245
245
259
259
227
227
233
233
241
241
241
241
221
221
213
213
208
208
194
194
191
191
214
214
194
194
204
204
190
190
191
191
171
171
179
179
157
157
154
154
149
149
143
143
152
152
150
150
123
123
123
123
109
109
93
93
101
101
80
80
83
83
70
70
74
74
76
76
97
97
96
96
106
106
121
121
112
112
131
131
128
128
151
151
140
140
154
154
140
140
169
169
162
162
176
176
181
181
175
175
192
192
181
181
199
199
201
201
209
209
218
218
211
211
224
224
231
231
238
238
225
225
245
245
252
252
272
272
283
283
283
283
325
325
274
274
278
278
299
299
299
299
317
317
320
320
302
302
325
325
315
315
320
320
325
325
336
336
335
335
343
343
368
368
369
369
359
359
373
373
368
368
381
381
385
385
410
410
387
387
413
413
422
422
433
433
426
426
428
428
450
450
455
455
448
448
467
467
471
471
467
467
464
464
465
465
466
466
479
479
496
496
485
485
491
491
495
495
471
471
465
465
463
463
453
453
453
453
455
455
448
448
447
447
430
430
421
421
419
419
403
403
423
423
420
420
395
395
410
410
400
400
368
368
369
369
367
367
339
339
341
341
348
348
336
336
343
343
333
333
320
320
321
321
301
301
315
315
291
291
304
304
298
298
308
308
299
299
319
319
275
275
282
282
286
286
272
272
250
250
250
250
224
224
231
231
212
212
209
209
208
208
192
192
211
211
208
208
192
192
176
176
172
172
162
162
162
162
162
162
174
174
148
148
175
175
176
176
142
142
139
139
139
139
135
135
118
118
131
131
121
121
86
86
93
93
65
65
58
58
64
64
96
96
93
93
80
80
93
93
98
98
112
112
127
127
143
143
174
174
148
148
166
166
158
158
171
171
179
179
167
167
187
187
222
222
196
196
211
211
211
211
222
222
208
208
221
221
241
241
223
223
258
258
240
240
258
258
250
250
257
257
250
250
274
274
301
301
275
275
308
308
318
318
321
321
272
272
330
330
333
333
336
336
339
339
355
355
336
336
350
350
368
368
343
343
354
354
367
367
369
369
374
374
394
394
397
397
406
406
400
400
406
406
414
414
407
407
438
438
445
445
448
448
473
473
451
451
474
474
485
485
479
479
476
476
490
490
498
498
507
507
494
494
484
484
481
481
453
453
477
477
434
434
446
446
459
459
448
448
441
441
430
430
425
425
444
444
430
430
377
377
437
437
429
429
407
407
407
407
393
393
387
387
402
402
379
379
334
334
373
373
371
371
347
347
336
336
340
340
313
313
290
290
315
315
329
329
306
306
327
327
290
290
285
285
282
282
274
274
279
279
290
290
293
293
274
274
274
274
274
274
253
253
241
241
242
242
245
245
223
223
218
218
218
218
202
202
178
178
191
191
177
177
173
173
189
189
178
178
179
179
144
144
135
135
128
128
144
144
139
139
144
144
139
139
128
128
128
128
113
113
104
104
109
109
105
105
80
80
98
98
97
97
101
101
95
95
98
98
75
75
64
64
117
117
47
47
111
111
131
131
132
132
127
127
151
151
162
162
139
139
176
176
203
203
190
190
203
203
199
199
206
206
118
118
216
216
147
147
234
234
246
246
241
241
250
250
240
240
245
245
256
256
248
248
212
212
272
272
278
278
289
289
278
278
279
279
281
281
302
302
311
311
336
336
338
338
356
356
342
342
352
352
364
364
347
347
371
371
367
367
381
381
384
384
374
374
378
378
378
378
384
384
410
410
400
400
415
415
411
411
427
427
430
430
422
422
438
438
447
447
445
445
464
464
461
461
470
470
485
485
485
485
497
497
495
495
511
511
499
499
489
489
492
492
470
470
464
464
462
462
401
401
439
439
432
432
432
432
423
423
415
415
403
403
377
377
393
393
401
401
407
407
363
363
400
400
390
390
377
377
379
379
353
353
348
348
358
358
359
359
368
368
330
330
345
345
338
338
306
306
311
311
304
304
256
256
291
291
292
292
283
283
274
274
269
269
266
266
242
242
242
242
259
259
255
255
249
249
256
256
225
225
222
222
237
237
224
224
217
217
222
222
195
195
186
186
176
176
154
154
139
139
144
144
151
151
134
134
137
137
137
137
118
118
129
129
112
112
108
108
98
98
103
103
96
96
109
109
108
108
97
97
92
92
111
111
108
108
64
64
112
112
123
123
122
122
141
141
130
130
123
123
127
127
133
133
115
115
144
144
144
144
176
176
160
160
162
162
184
184
143
143
193
193
228
228
208
208
225
225
217
217
242
242
141
141
235
235
262
262
262
262
272
272
261
261
285
285
276
276
261
261
234
234
284
284
276
276
240
240
286
286
298
298
331
331
311
311
323
323
322
322
341
341
350
350
355
355
383
383
384
384
378
378
384
384
398
398
383
383
400
400
411
411
400
400
401
401
419
419
400
400
400
400
417
417
427
427
447
447
442
442
443
443
451
451
452
452
454
454
471
471
467
467
489
489
496
496
503
503
490
490
489
489
480
480
475
475
434
434
479
479
469
469
449
449
464
464
442
442
419
419
320
320
393
393
357
357
398
398
407
407
386
386
375
375
373
373
369
369
283
283
361
361
285
285
367
367
371
371
359
359
353
353
336
336
353
353
338
338
324
324
277
277
337
337
314
314
298
298
276
276
287
287
269
269
261
261
163
163
238
238
256
256
260
260
240
240
233
233
227
227
208
208
212
212
222
222
219
219
231
231
213
213
209
209
197
197
188
188
182
182
176
176
182
182
175
175
156
156
147
147
139
139
134
134
109
109
123
123
109
109
117
117
96
96
112
112
105
105
80
80
77
77
80
80
77
77
103
103
102
102
112
112
122
122
122
122
123
123
119
119
133
133
147
147
148
148
165
165
171
171
161
161
145
145
157
157
146
146
145
145
179
179
185
185
177
177
183
183
215
215
222
222
217
217
240
240
237
237
239
239
247
247
275
275
253
253
251
251
256
256
266
266
287
287
286
286
304
304
290
290
304
304
293
293
304
304
301
301
320
320
324
324
321
321
330
330
336
336
334
334
353
353
353
353
356
356
361
361
389
389
394
394
417
417
400
400
413
413
402
402
415
415
430
430
435
435
425
425
451
451
431
431
435
435
439
439
451
451
448
448
461
461
466
466
475
475
483
483
487
487
465
465
481
481
475
475
476
476
482
482
473
473
475
475
463
463
458
458
465
465
455
455
427
427
444
444
432
432
400
400
412
412
389
389
366
366
378
378
368
368
367
367
355
355
363
363
336
336
342
342
341
341
339
339
334
334
337
337
336
336
321
321
320
320
316
316
303
303
297
297
303
303
307
307
299
299
279
279
290
290
247
247
251
251
243
143
128
128
135
135
141
141
131
131
106
106
118
118
94
94
86
86
96
96
80
80
84
84
80
80
86
86
83
83
80
80
106
106
97
97
112
112
119
119
143
143
155
155
149
149
155
155
157
157
157
157
165
165
176
176
180
180
174
174
195
195
182
182
171
171
198
198
194
194
187
187
215
215
210
210
235
235
230
230
237
237
234
234
241
241
241
241
257
257
265
265
272
272
284
284
290
290
300
300
301
301
298
298
314
314
320
320
321
321
325
325
324
324
327
327
309
309
327
327
343
343
341
341
368
368
367
367
373
373
368
368
394
394
391
391
400
400
400
400
417
417
425
425
435
435
424
424
432
432
435
435
445
445
461
461
465
465
477
477
460
460
473
473
480
480
474
474
480
480
491
491
475
475
479
479
464
464
468
468
462
462
453
453
438
438
440
440
443
443
445
445
454
454
449
449
423
423
418
418
422
422
405
405
412
412
399
399
374
374
385
385
373
373
356
356
351
351
342
342
336
336
343
343
352
352
336
336
323
323
309
309
317
317
304
304
298
298
299
299
300
300
300
300
299
299
304
304
265
265
270
270
258
258
256
256
253
253
244
244
247
247
235
235
226
226
208
208
194
194
183
183
194
194
193
193
191
191
183
183
166
166
172
172
165
165
172
172
162
162
159
159
169
169
144
144
145
145
128
128
118
118
121
121
117
117
117
117
105
105
96
96
85
85
86
86
80
80
75
75
79
79
97
97
107
107
107
107
109
109
103
103
123
123
122
122
122
122
137
137
158
158
157
157
165
165
192
192
175
175
218
218
191
191
190
190
191
191
209
209
205
205
194
194
197
197
223
223
219
219
219
219
186
186
239
239
257
257
256
256
259
259
260
260
272
272
309
309
273
273
274
274
299
299
294
294
321
321
332
332
331
331
325
325
333
333
341
341
342
342
345
345
357
357
369
369
373
373
354
354
357
357
353
353
388
388
382
382
386
386
404
404
406
406
409
409
405
405
419
419
432
432
452
452
449
449
476
476
462
462
478
478
481
481
481
481
470
470
486
486
493
493
496
496
525
525
475
475
483
483
479
479
458
458
469
469
447
447
487
487
452
452
474
474
430
430
431
431
430
430
396
396
427
427
417
417
431
431
422
422
400
400
398
398
391
391
390
390
370
370
398
398
359
359
371
371
347
347
336
336
313
313
334
334
322
322
317
317
331
331
303
303
304
304
283
283
282
282
279
279
275
275
285
285
267
267
261
261
271
271
263
263
256
256
247
247
239
239
246
246
219
219
225
225
223
223
208
208
189
189
176
176
167
167
164
164
162
162
167
167
159
159
153
153
144
144
139
139
149
149
144
144
133
133
133
133
133
133
121
121
106
106
99
99
97
97
73
73
85
85
100
100
97
97
106
106
107
107
116
116
87
87
115
115
110
110
118
118
118
118
144
144
144
144
144
144
171
171
144
144
160
160
155
155
190
190
182
182
205
205
225
225
215
215
187
187
216
216
205
205
242
242
238
238
234
234
240
240
250
250
240
240
235
235
272
272
256
256
277
277
295
295
329
329
304
304
299
299
313
313
309
309
323
323
329
329
334
334
342
342
362
362
354
354
370
370
347
347
370
370
377
377
390
390
386
386
389
389
388
388
398
398
387
387
384
384
400
400
418
418
411
411
413
413
437
437
448
448
441
441
461
461
459
459
466
466
502
502
493
493
496
496
490
490
501
501
493
493
494
494
493
493
471
471
486
486
471
471
521
521
451
451
491
491
437
437
421
421
425
425
405
405
422
422
402
402
435
435
397
397
431
431
384
384
372
372
393
393
381
381
398
398
375
375
410
410
359
359
399
399
336
336
347
347
336
336
324
324
321
321
311
311
342
342
293
293
283
283
296
296
278
278
240
240
281
281
275
275
261
261
243
243
248
248
243
243
234
234
242
242
239
239
236
236
237
237
224
224
229
229
199
199
197
197
192
192
197
197
198
198
166
166
154
154
147
147
139
139
144
144
143
143
124
124
125
125
128
128
119
119
127
127
111
111
107
107
112
112
105
105
110
110
111
111
85
85
94
94
53
53
97
97
139
139
115
115
119
119
137
137
125
125
128
128
143
143
145
145
157
157
176
176
161
161
161
161
178
178
175
175
139
139
187
187
202
202
199
199
223
223
220
220
236
236
256
256
250
250
251
251
260
260
259
259
242
242
272
272
256
256
266
266
263
263
276
276
275
275
291
291
285
285
304
304
303
303
320
320
311
311
313
313
318
318
333
333
336
336
350
350
355
355
369
369
384
384
384
384
377
377
381
381
399
399
411
411
405
405
417
417
428
428
425
425
425
425
413
413
406
406
432
432
445
445
432
432
448
448
458
458
462
462
463
463
484
484
485
485
498
498
497
497
503
503
496
496
482
482
435
435
465
465
465
465
462
462
459
459
457
457
435
435
443
443
419
419
371
371
402
402
400
400
399
399
397
397
395
395
383
383
342
342
368
368
273
273
336
336
362
362
354
354
362
362
358
358
346
346
341
341
325
325
287
287
304
304
325
325
322
322
304
304
293
293
294
294
281
281
181
181
258
258
267
267
246
246
255
255
249
249
238
238
239
239
223
223
225
225
240
240
211
211
212
212
203
203
208
208
202
202
191
191
179
179
175
175
174
174
164
164
176
176
144
144
144
144
126
126
112
112
103
103
102
102
95
95
97
97
95
95
85
85
74
74
112
112
101
101
101
101
114
114
115
115
103
103
80
80
125
125
96
96
129
129
137
137
145
145
157
157
158
158
154
154
128
128
166
166
122
122
176
176
187
187
202
202
189
189
202
202
207
207
207
207
213
213
234
234
224
224
249
249
255
255
272
272
239
239
262
262
210
210
272
272
285
285
282
282
290
290
306
306
297
297
308
308
304
304
304
304
320
320
311
311
331
331
350
350
339
339
359
359
356
356
341
341
357
357
363
363
373
373
384
384
394
394
401
401
403
403
416
416
413
413
430
430
432
432
448
448
441
441
451
451
444
444
448
448
453
453
441
441
442
442
468
468
479
479
485
485
494
494
480
480
494
494
491
491
490
490
494
494
470
470
474
474
458
458
448
448
358
358
435
435
438
438
426
426
435
435
411
411
410
410
355
355
398
398
392
392
377
377
379
379
368
368
368
368
351
351
350
350
304
304
345
345
336
336
335
335
321
321
336
336
336
336
336
336
335
335
279
279
302
302
288
288
241
241
278
278
291
291
279
279
257
257
259
259
240
240
234
234
224
224
232
232
236
236
221
221
209
209
209
209
208
208
188
188
188
188
183
183
177
177
173
173
177
177
163
163
160
160
167
167
143
143
147
147
143
143
157
157
157
157
125
125
118
118
107
107
96
96
67
67
70
70
69
69
65
65
80
80
77
77
86
86
60
60
112
112
111
111
130
130
145
145
130
130
141
141
151
151
141
141
105
105
152
152
161
161
176
176
192
192
190
190
191
191
191
191
193
193
154
154
190
190
215
215
205
205
215
215
240
240
232
232
192
192
227
227
251
251
246
246
270
270
275
275
288
288
302
302
289
289
304
304
318
318
305
305
320
320
334
334
321
321
331
331
326
326
326
326
339
339
347
347
340
340
363
363
365
365
386
386
373
373
382
382
385
385
380
380
396
396
403
403
423
423
426
426
436
436
433
433
435
435
437
437
446
446
459
459
451
451
467
467
470
470
485
485
487
487
469
469
481
481
475
475
469
469
471
471
479
479
464
464
445
445
461
461
459
459
447
447
447
447
445
445
443
443
432
432
427
427
416
416
416
416
405
405
400
400
393
393
384
384
383
383
359
359
361
361
343
343
342
342
333
333
339
339
335
335
317
317
