275
275
272
272
256
256
251
251
226
226
256
256
240
240
203
203
179
179
177
177
165
165
149
149
149
149
155
155
138
138
115
115
118
118
112
112
102
102
138
138
139
139
161
161
178
178
187
187
221
221
208
208
235
235
241
241
255
255
292
292
290
290
304
304
314
314
304
304
333
333
329
329
327
327
336
336
341
341
347
347
378
378
381
381
394
394
404
404
427
427
426
426
449
449
464
464
486
486
501
501
502
502
517
517
499
499
543
543
510
510
489
489
480
480
505
505
479
479
443
443
429
429
448
448
425
425
411
411
386
386
390
390
403
403
363
363
336
336
304
304
321
321
336
336
326
326
283
283
314
314
291
291
253
253
258
258
248
248
263
263
227
227
201
201
199
199
205
205
192
192
211
211
162
162
115
115
131
131
169
169
125
125
133
133
157
157
158
158
178
178
177
177
199
199
211
211
248
248
229
229
242
242
272
272
298
298
306
306
303
303
307
307
340
340
320
320
337
337
379
379
364
364
389
389
378
378
374
374
391
391
428
428
416
416
438
438
443
443
453
453
464
464
481
481
486
486
528
528
511
511
560
560
557
557
543
543
528
528
528
528
498
498
471
471
478
478
475
475
448
448
494
494
432
432
416
416
387
387
396
396
374
374
351
351
348
348
320
320
307
307
304
304
279
279
219
219
286
286
269
269
275
275
233
233
244
244
235
235
228
228
208
208
192
192
177
177
167
167
169
169
130
130
128
128
131
131
149
149
132
132
135
135
152
152
211
211
190
190
211
211
214
214
210
210
219
219
253
253
257
257
259
259
272
272
304
304
280
280
320
320
304
304
363
363
357
357
363
363
373
373
416
416
417
417
409
409
423
423
432
432
429
429
436
436
454
454
448
448
480
480
473
473
521
521
523
523
540
540
546
546
497
497
523
523
494
494
490
490
498
498
502
502
453
453
459
459
429
429
432
432
434
434
420
420
400
400
381
381
375
375
375
375
346
346
337
337
317
317
297
297
294
294
301
301
278
278
240
240
274
274
237
237
239
239
222
222
200
200
202
202
176
176
208
208
165
165
144
144
99
99
119
119
130
130
153
153
158
158
162
162
201
201
198
198
208
208
211
211
206
206
218
218
246
246
257
257
272
272
272
272
277
277
292
292
285
285
322
322
311
311
351
351
373
373
353
353
383
383
389
389
402
402
431
431
449
449
437
437
432
432
454
454
469
469
476
476
475
475
496
496
486
486
498
498
518
518
541
541
528
528
499
499
501
501
503
503
475
475
430
430
433
433
449
449
428
428
429
429
432
432
423
423
384
384
384
384
359
359
374
374
320
320
361
361
339
339
338
338
301
301
309
309
298
298
272
272
242
242
240
240
237
237
225
225
212
212
181
181
204
204
165
165
131
131
139
139
135
135
144
144
145
145
153
153
174
174
170
170
176
176
177
177
198
198
219
219
235
235
247
247
242
242
272
272
259
259
279
279
270
270
300
300
331
331
320
320
325
325
341
341
347
347
379
379
359
359
363
363
394
394
422
422
423
423
442
442
439
439
494
494
496
496
474
474
485
485
534
534
550
550
556
556
533
533
531
531
519
519
506
506
475
475
464
464
464
464
422
422
447
447
432
432
385
385
401
401
378
378
385
385
368
368
368
368
342
342
346
346
311
311
298
298
304
304
304
304
274
274
299
299
234
234
250
250
235
235
239
239
211
211
207
207
165
165
146
146
169
169
128
128
123
123
123
123
130
130
118
118
127
127
144
144
176
176
190
190
217
217
192
192
219
219
236
236
286
286
244
244
272
272
255
255
336
336
290
290
304
304
298
298
307
307
306
306
322
322
345
345
347
347
359
359
370
370
404
404
375
375
412
412
431
431
438
438
417
417
464
464
476
476
488
488
496
496
534
534
565
565
544
544
563
563
511
511
494
494
487
487
510
510
464
464
434
434
436
436
428
428
406
406
413
413
391
391
377
377
359
359
357
357
352
352
340
340
331
331
309
309
305
305
299
299
281
281
254
254
257
257
242
242
202
202
240
240
195
195
207
207
188
188
167
167
166
166
179
179
139
139
133
133
109
109
116
116
103
103
133
133
137
137
119
119
174
174
176
176
171
171
201
201
231
231
250
250
249
249
269
269
267
267
271
271
309
309
309
309
329
329
325
325
373
373
355
355
368
368
373
373
347
347
372
372
398
398
389
389
413
413
453
453
444
444
448
448
430
430
471
471
501
501
482
482
479
479
528
528
501
501
527
527
496
496
471
471
479
479
464
464
460
460
158
158
197
197
181
181
225
225
211
211
247
247
245
245
283
283
274
274
272
272
272
272
288
288
313
313
315
315
340
340
325
325
355
355
334
334
359
359
367
367
394
394
421
421
427
427
405
405
431
431
439
439
464
464
464
464
490
490
522
522
537
537
522
522
524
524
509
509
487
487
493
493
485
485
464
464
476
476
460
460
435
435
432
432
396
396
384
384
368
368
357
357
353
353
352
352
320
320
304
304
304
304
276
276
300
300
303
303
283
283
260
260
242
242
254
254
247
247
229
229
203
203
189
189
176
176
162
162
147
147
144
144
125
125
80
80
113
113
111
111
143
143
173
173
172
172
176
176
199
199
183
183
202
202
190
190
247
247
242
242
247
247
263
263
285
285
310
310
329
329
306
306
307
307
341
341
343
343
381
381
368
368
354
354
366
366
386
386
400
400
403
403
432
432
449
449
461
461
453
453
472
472
469
469
479
479
510
510
506
506
501
501
527
527
522
522
476
476
478
478
445
445
447
447
438
438
437
437
417
417
405
405
401
401
403
403
368
368
362
362
326
326
330
330
304
304
288
288
282
282
295
295
279
279
251
251
229
229
223
223
229
229
235
235
237
237
195
195
233
233
192
192
166
166
172
172
139
139
156
156
122
122
128
128
119
119
131
131
128
128
145
145
146
146
162
162
179
179
219
219
234
234
240
240
223
223
251
251
247
247
293
293
266
266
311
311
295
295
334
334
320
320
362
362
375
375
359
359
390
390
395
395
407
407
413
413
442
442
436
436
429
429
453
453
463
463
467
467
501
501
526
526
499
499
509
509
511
511
521
521
493
493
521
521
465
465
464
464
473
473
459
459
446
446
442
442
413
413
418
418
385
385
379
379
366
366
337
337
347
347
352
352
327
327
317
317
307
307
292
292
256
256
248
248
249
249
234
234
219
219
223
223
202
202
194
194
196
196
182
182
164
164
178
178
174
174
141
141
141
141
129
129
144
144
176
176
158
158
177
177
182
182
197
197
202
202
206
206
240
240
208
208
253
253
278
278
304
304
311
311
309
309
321
321
342
342
335
335
354
354
366
366
373
373
393
393
407
407
411
411
441
441
449
449
441
441
446
446
499
499
490
490
500
500
534
534
511
511
539
539
538
538
531
531
496
496
525
525
496
496
496
496
497
497
470
470
481
481
467
467
432
432
415
415
432
432
414
414
409
409
395
395
401
401
359
359
369
369
343
343
343
343
336
336
292
292
323
323
289
289
279
279
295
295
274
274
242
242
239
239
209
209
198
198
208
208
163
163
144
144
176
176
138
138
128
128
117
117
167
167
138
138
183
183
176
176
215
215
194
194
220
220
227
227
222
222
231
231
247
247
269
269
273
273
260
260
285
285
289
289
302
302
329
329
353
353
337
337
374
374
393
393
377
377
404
404
411
411
426
426
443
443
462
462
469
469
473
473
508
508
525
525
509
509
531
531
548
548
539
539
549
549
518
518
510
510
493
493
467
467
464
464
450
450
464
464
423
423
429
429
416
416
397
397
401
401
352
352
354
354
367
367
363
363
336
336
351
351
342
342
315
315
307
307
294
294
268
268
243
243
237
237
256
256
213
213
227
227
197
197
199
199
186
186
155
155
115
115
129
129
124
124
128
128
141
141
150
150
158
158
176
176
192
192
189
189
230
230
208
208
226
226
271
271
234
234
277
277
291
291
284
284
305
305
327
327
307
307
320
320
330
330
347
347
327
327
378
378
385
385
387
387
415
415
426
426
432
432
422
422
444
444
457
457
474
474
484
484
518
518
506
506
528
528
561
561
559
559
565
565
519
519
496
496
507
507
496
496
491
491
457
457
430
430
448
448
402
402
401
401
394
394
368
368
361
361
368
368
320
320
352
352
305
305
341
341
320
320
303
303
283
283
279
279
275
275
265
265
241
241
223
223
231
231
223
223
190
190
205
205
192
192
176
176
170
170
158
158
150
150
144
144
142
142
128
128
173
173
174
174
177
177
190
190
208
208
199
199
221
221
246
246
258
258
302
302
280
280
304
304
305
305
321
321
311
311
335
335
347
347
368
368
373
373
371
371
385
385
403
403
401
401
413
413
441
441
465
465
479
479
490
490
477
477
491
491
503
503
526
526
538
538
535
535
532
532
518
518
479
479
503
503
503
503
507
507
473
473
464
464
448
448
435
435
433
433
416
416
384
384
376
376
357
357
357
357
316
316
349
349
299
299
320
320
282
282
278
278
292
292
240
240
244
244
239
239
256
256
225
225
416
416
432
432
444
444
463
463
459
459
466
466
465
465
492
492
487
487
496
496
509
509
500
500
511
511
494
494
469
469
477
477
470
470
453
453
436
436
413
413
414
414
404
404
395
395
412
412
370
370
336
336
366
366
339
339
318
318
320
320
295
295
304
304
272
272
246
246
240
240
220
220
224
224
227
227
210
210
179
179
203
203
178
178
170
170
135
135
141
141
124
124
131
131
139
139
127
127
163
163
153
153
166
166
190
190
181
181
202
202
201
201
218
218
257
257
247
247
245
245
275
275
267
267
298
298
274
274
310
310
305
305
336
336
337
337
329
329
359
359
366
366
383
383
431
431
396
396
421
421
447
447
450
450
464
464
494
494
495
495
501
501
519
519
528
528
546
546
496
496
490
490
470
470
471
471
458
458
446
446
433
433
426
426
418
418
432
432
405
405
379
379
353
353
361
361
373
373
342
342
321
321
320
320
324
324
311
311
304
304
283
283
285
285
269
269
267
267
240
240
248
248
210
210
191
191
170
170
171
171
160
160
156
156
133
133
131
131
142
142
128
128
116
116
125
125
157
157
169
169
192
192
194
194
206
206
233
233
205
205
224
224
230
230
241
241
274
274
275
275
291
291
310
310
315
315
333
333
336
336
339
339
336
336
339
339
336
336
394
394
396
396
397
397
429
429
419
419
438
438
471
471
461
461
480
480
503
503
481
481
511
511
538
538
530
530
496
496
499
499
497
497
492
492
472
472
445
445
433
433
419
419
411
411
407
407
400
400
381
381
387
387
366
366
374
374
336
336
326
326
331
331
314
314
309
309
302
302
279
279
259
259
252
252
261
261
246
246
235
235
190
190
214
214
191
191
193
193
188
188
145
145
115
115
122
122
93
93
102
102
114
114
128
128
167
167
140
140
176
176
171
171
197
197
195
195
215
215
253
253
257
257
272
272
291
291
284
284
288
288
323
323
308
308
332
332
337
337
375
375
358
358
374
374
400
400
400
400
401
401
406
406
398
398
417
417
430
430
436
436
433
433
462
462
464
464
506
506
527
527
533
533
524
524
528
528
525
525
493
493
480
480
474
474
455
455
432
432
418
418
432
432
407
407
391
391
379
379
367
367
362
362
336
336
339
339
323
323
318
318
304
304
303
303
282
282
272
272
246
246
237
237
261
261
211
211
240
240
206
206
208
208
178
178
186
186
176
176
163
163
127
127
141
141
129
129
145
145
143
143
149
149
160
160
162
162
176
176
201
201
221
221
240
240
212
212
244
244
236
236
285
285
289
289
304
304
317
317
324
324
326
326
343
343
332
332
379
379
381
381
389
389
391
391
432
432
439
439
446
446
480
480
464
464
462
462
449
449
490
490
467
467
505
505
526
526
531
531
499
499
479
479
496
496
466
466
489
489
478
478
435
435
447
447
430
430
429
429
384
384
417
417
371
371
393
393
373
373
366
366
316
316
299
299
307
307
298
298
294
294
285
285
272
272
256
256
246
246
228
228
235
235
211
211
208
208
181
181
192
192
190
190
171
171
144
144
168
168
149
149
135
135
139
139
172
172
151
151
192
192
176
176
190
190
198
198
203
203
214
214
240
240
235
235
264
264
265
265
260
260
301
301
304
304
320
320
315
315
354
354
352
352
369
369
383
383
394
394
402
402
430
430
432
432
445
445
434
434
452
452
455
455
560
560
485
485
510
510
521
521
522
522
549
549
521
521
505
505
494
494
495
495
479
479
454
454
448
448
455
455
432
432
436
436
432
432
409
409
397
397
374
374
381
381
378
378
365
365
336
336
330
330
311
311
310
310
294
294
282
282
243
243
235
235
247
247
220
220
214
214
216
216
210
210
190
190
177
177
163
163
161
161
131
131
144
144
130
130
130
130
150
150
159
159
179
179
204
204
210
210
197
197
212
212
215
215
258
258
264
264
241
241
257
257
290
290
305
305
321
321
304
304
326
326
363
363
345
345
368
368
384
384
384
384
394
394
434
434
433
433
438
438
462
462
480
480
460
460
494
494
474
474
489
489
528
528
539
539
560
560
570
570
554
554
519
519
542
542
491
491
474
474
448
448
454
454
459
459
440
440
400
400
396
396
410
410
381
381
390
390
387
387
379
379
368
368
348
348
320
320
333
333
301
301
306
306
304
304
272
272
252
252
257
257
226
226
208
208
210
210
189
189
197
197
187
187
155
155
151
151
145
145
128
128
118
118
153
153
144
144
165
165
166
166
208
208
223
223
221
221
226
226
240
240
256
256
273
273
288
288
423
423
407
407
402
402
386
386
384
384
383
383
363
363
338
338
352
352
321
321
288
288
282
282
272
272
271
271
237
237
258
258
217
217
230
230
208
208
190
190
190
190
170
170
150
150
162
162
144
144
126
126
169
169
161
161
155
155
167
167
190
190
183
183
208
208
221
221
236
236
253
253
235
235
263
263
281
281
285
285
291
291
272
272
299
299
285
285
317
317
341
341
335
335
369
369
389
389
386
386
389
389
448
448
429
429
443
443
449
449
477
477
476
476
488
488
477
477
499
499
549
549
510
510
547
547
528
528
523
523
478
478
463
463
467
467
459
459
464
464
435
435
448
448
421
421
412
412
382
382
367
367
366
366
368
368
336
336
336
336
333
333
337
337
320
320
333
333
312
312
305
305
273
273
273
273
265
265
247
247
211
211
197
197
198
198
184
184
177
177
159
159
141
141
129
129
143
143
112
112
121
121
163
163
170
170
160
160
178
178
195
195
225
225
235
235
238
238
226
226
250
250
259
259
279
279
285
285
299
299
304
304
315
315
320
320
345
345
336
336
343
343
342
342
368
368
391
391
405
405
409
409
425
425
439
439
467
467
465
465
465
465
486
486
487
487
523
523
510
510
534
534
509
509
507
507
475
475
486
486
475
475
467
467
445
445
432
432
409
409
399
399
397
397
402
402
375
375
368
368
370
370
352
352
345
345
336
336
317
317
320
320
304
304
275
275
272
272
273
273
251
251
253
253
227
227
239
239
239
239
198
198
219
219
179
179
158
158
160
160
125
125
119
119
112
112
118
118
143
143
144
144
144
144
174
174
171
171
196
196
194
194
209
209
232
232
240
240
262
262
257
257
285
285
257
257
301
301
295
295
333
333
320
320
360
360
357
357
337
337
359
359
371
371
390
390
378
378
368
368
414
414
423
423
445
445
433
433
461
461
474
474
479
479
528
528
521
521
531
531
519
519
487
487
520
520
496
496
477
477
477
477
442
442
439
439
409
409
421
421
387
387
393
393
368
368
336
336
352
352
359
359
317
317
323
323
288
288
282
282
288
288
266
266
253
253
241
241
260
260
224
224
191
191
212
212
203
203
207
207
194
194
155
155
135
135
122
122
130
130
122
122
128
128
130
130
113
113
162
162
163
163
154
154
208
208
220
220
209
209
229
229
237
237
241
241
259
259
270
270
272
272
309
309
301
301
331
331
300
300
336
336
366
366
368
368
344
344
371
371
384
384
406
406
433
433
421
421
433
433
446
446
451
451
451
451
475
475
496
496
500
500
501
501
497
497
497
497
485
485
492
492
481
481
472
472
455
455
441
441
440
440
433
433
417
417
409
409
363
363
395
395
388
388
343
343
309
309
327
327
320
320
304
304
291
291
293
293
278
278
233
233
243
243
230
230
239
239
230
230
189
189
181
181
176
176
177
177
157
157
142
142
151
151
143
143
117
117
128
128
141
141
131
131
176
176
161
161
176
176
178
178
191
191
185
185
228
228
229
229
245
245
242
242
281
281
282
282
295
295
273
273
304
304
329
329
336
336
336
336
343
343
368
368
376
376
407
407
423
423
429
429
432
432
445
445
463
463
457
457
490
490
478
478
503
503
501
501
497
497
501
501
483
483
502
502
482
482
486
486
465
465
440
440
433
433
422
422
416
416
409
409
400
400
420
420
386
386
365
365
355
355
345
345
321
321
324
324
334
334
301
301
283
283
277
277
283
283
265
265
222
222
223
223
237
237
195
195
195
195
175
175
171
171
144
144
151
151
154
154
131
131
125
125
114
114
144
144
133
133
169
169
175
175
154
154
183
183
204
204
217
217
234
234
239
239
239
239
244
244
247
247
275
275
299
299
297
297
311
311
338
338
310
310
326
326
349
349
347
347
390
390
396
396
409
409
430
430
432
432
447
447
438
438
450
450
478
478
489
489
498
498
523
523
511
511
529
529
541
541
525
525
501
501
488
488
473
473
442
442
459
459
447
447
448
448
417
417
384
384
392
392
400
400
385
385
373
373
370
370
351
351
352
352
337
337
304
304
294
294
276
276
277
277
271
271
273
273
241
241
247
247
235
235
212
212
189
189
167
167
192
192
167
167
158
158
154
154
125
125
106
106
155
155
144
144
144
144
158
158
163
163
187
187
208
208
221
221
234
234
251
251
247
247
258
258
263
263
290
290
285
285
288
288
308
308
308
308
327
327
349
349
350
350
368
368
389
389
377
377
400
400
401
401
403
403
417
417
447
447
454
454
471
471
498
498
493
493
511
511
159
159
178
178
139
139
128
128
99
99
149
149
158
158
155
155
160
160
175
175
191
191
217
217
227
227
223
223
256
256
272
272
278
278
297
297
302
302
309
309
343
343
336
336
359
359
335
335
369
369
352
352
352
352
400
400
405
405
401
401
407
407
439
439
457
457
463
463
485
485
490
490
489
489
496
496
500
500
559
559
565
565
550
550
539
539
528
528
528
528
487
487
481
481
467
467
461
461
473
473
460
460
451
451
404
404
416
416
371
371
368
368
371
371
359
359
338
338
318
318
324
324
315
315
308
308
287
287
285
285
270
270
285
285
260
260
243
243
236
236
211
211
208
208
195
195
180
180
171
171
145
145
158
158
126
126
128
128
143
143
155
155
186
186
206
206
192
192
208
208
225
225
222
222
225
225
240
240
256
256
278
278
291
291
298
298
293
293
343
343
382
382
341
341
366
366
374
374
384
384
400
400
402
402
421
421
407
407
435
435
432
432
448
448
465
465
481
481
502
502
486
486
502
502
524
524
555
555
560
560
534
534
538
538
528
528
521
521
477
477
455
455
464
464
443
443
465
465
443
443
436
436
422
422
432
432
384
384
375
375
368
368
358
358
352
352
316
316
310
310
334
334
310
310
269
269
250
250
256
256
240
240
242
242
243
243
213
213
233
233
215
215
189
189
187
187
173
173
169
169
148
148
134
134
153
153
174
174
165
165
177
177
173
173
177
177
214
214
234
234
230
230
236
236
270
270
257
257
269
269
282
282
305
305
303
303
333
333
321
321
331
331
383
383
366
366
387
387
411
411
407
407
417
417
451
451
437
437
430
430
458
458
464
464
474
474
478
478
497
497
508
508
519
519
530
530
538
538
485
485
511
511
503
503
466
466
475
475
472
472
448
448
449
449
451
451
423
423
403
403
399
399
382
382
384
384
346
346
366
366
347
347
297
297
336
336
319
319
273
273
266
266
254
254
244
244
239
239
227
227
205
205
190
190
183
183
189
189
179
179
167
167
137
137
130
130
119
119
154
154
143
143
154
154
177
177
175
175
198
198
211
211
217
217
210
210
199
199
214
214
259
259
245
245
271
271
287
287
284
284
323
323
320
320
322
322
320
320
347
347
374
374
384
384
396
396
388
388
401
401
435
435
432
432
453
453
450
450
474
474
482
482
496
496
519
519
496
496
522
522
528
528
489
489
490
490
496
496
460
460
463
463
481
481
447
447
427
427
439
439
430
430
400
400
407
407
392
392
390
390
385
385
358
358
344
344
353
353
331
331
318
318
298
298
293
293
297
297
270
270
261
261
247
247
240
240
217
217
175
175
173
173
170
170
185
185
144
144
160
160
131
131
109
109
113
113
132
132
173
173
149
149
165
165
176
176
192
192
207
207
218
218
225
225
237
237
225
225
254
254
241
241
253
253
260
260
276
276
305
305
309
309
335
335
345
345
347
347
366
366
349
349
368
368
380
380
400
400
439
439
415
415
447
447
469
469
449
449
501
501
501
501
503
503
519
519
535
535
527
527
545
545
496
496
491
491
469
469
468
468
427
427
431
431
421
421
400
400
409
409
379
379
391
391
370
370
343
343
334
334
367
367
338
338
332
332
324
324
306
306
289
289
263
263
261
261
253
253
251
251
228
228
240
240
197
197
208
208
171
171
199
199
167
167
127
127
123
123
93
93
112
112
127
127
107
107
140
140
116
116
144
144
144
144
192
192
207
207
201
201
221
221
242
242
235
235
262
262
280
280
275
275
295
295
283
283
304
304
305
305
313
313
314
314
348
348
370
370
394
394
381
381
379
379
401
401
410
410
421
421
464
464
441
441
471
471
495
495
470
470
509
509
531
531
531
531
537
537
511
511
504
504
517
517
494
494
463
463
475
475
426
426
410
410
407
407
418
418
384
384
373
373
368
368
357
357
336
336
322
322
321
321
296
296
311
311
265
265
283
283
292
292
272
272
251
251
247
247
208
208
224
224
208
208
203
203
176
176
182
182
175
175
161
161
146
146
119
119
100
100
108
108
119
119
132
132
144
144
144
144
153
153
167
167
203
203
209
209
240
240
211
211
240
240
272
272
292
292
274
274
300
300
320
320
323
323
333
333
348
348
368
368
369
369
369
369
368
368
387
387
405
405
432
432
423
423
451
451
448
448
470
470
499
499
482
482
508
508
494
494
552
552
509
509
483
483
476
476
485
485
466
466
455
455
431
431
435
435
418
418
432
432
398
398
411
411
381
381
368
368
346
346
338
338
334
334
335
335
290
290
