106
106
98
98
93
93
87
87
81
81
47
47
64
64
37
37
51
51
52
52
43
43
23
23
40
40
46
46
13
13
19
19
13
13
13
13
13
13
0
0
3
3
14
14
11
11
26
26
47
47
33
33
33
33
32
32
34
34
64
64
64
64
87
87
69
69
67
67
83
83
101
101
114
114
99
99
125
125
117
117
111
111
126
126
138
138
128
128
147
147
156
156
157
157
165
165
173
173
176
176
176
176
179
179
177
177
185
185
207
207
193
193
192
192
227
227
206
206
241
241
240
240
246
246
250
250
256
256
241
241
271
271
286
286
260
260
269
269
294
294
304
304
299
299
325
325
301
301
333
333
309
309
324
324
320
320
357
357
325
325
362
362
339
339
358
358
374
374
365
365
361
361
385
385
387
387
393
393
393
393
407
407
400
400
413
413
418
418
407
407
390
390
400
400
368
368
377
377
387
387
368
368
368
368
361
361
342
342
346
346
324
324
320
320
304
304
324
324
309
309
295
295
307
307
292
292
285
285
293
293
279
279
278
278
270
270
271
271
240
240
257
257
246
246
240
240
255
255
226
226
237
237
225
225
210
210
218
218
208
208
183
183
198
198
176
176
173
173
176
176
172
172
155
155
170
170
128
128
149
149
137
137
135
135
137
137
112
112
125
125
98
98
97
97
119
119
98
98
92
92
79
79
70
70
64
64
63
63
57
57
61
61
47
47
61
61
42
42
35
35
17
17
12
12
18
18
16
16
0
0
2
2
0
0
0
0
23
23
16
16
36
36
29
29
48
48
45
45
63
63
41
41
75
75
65
65
80
80
90
90
90
90
89
89
86
86
94
94
88
88
134
134
113
113
112
112
139
139
127
127
142
142
145
145
150
150
146
146
148
148
163
163
174
174
177
177
193
193
181
181
189
189
198
198
201
201
208
208
227
227
224
224
225
225
240
240
253
253
247
247
262
262
239
239
253
253
266
266
259
259
257
257
272
272
281
281
288
288
303
303
322
322
317
317
307
307
327
327
337
337
333
333
343
343
361
361
339
339
373
373
365
365
370
370
389
389
385
385
387
387
385
385
402
402
395
395
417
417
418
418
408
408
402
402
387
387
400
400
378
378
354
354
368
368
350
350
351
351
362
362
348
348
351
351
333
333
322
322
338
338
316
316
314
314
297
297
305
305
311
311
291
291
281
281
274
274
263
263
272
272
257
257
247
247
238
238
236
236
231
231
240
240
211
211
224
224
223
223
189
189
214
214
197
197
209
209
181
181
179
179
176
176
175
175
154
154
160
160
144
144
154
154
134
134
134
134
144
144
129
129
112
112
113
16
14
14
3
3
2
2
1
1
14
14
11
11
34
34
21
21
22
22
52
52
48
48
68
68
63
63
75
75
94
94
80
80
84
84
81
81
102
102
96
96
107
107
111
111
105
105
112
112
143
143
144
144
142
142
148
148
149
149
158
158
154
154
144
144
161
161
167
167
190
190
206
206
206
206
190
190
211
211
227
227
216
216
233
233
233
233
240
240
247
247
243
243
241
241
252
252
290
290
266
266
257
257
261
261
276
276
304
304
293
293
309
309
311
311
319
319
302
302
321
321
343
343
354
354
348
348
362
362
364
364
366
366
381
381
386
386
368
368
399
399
410
410
399
399
405
405
406
406
397
397
400
400
406
406
406
406
398
398
384
384
382
382
375
375
368
368
368
368
337
337
353
353
336
336
318
318
322
322
326
326
321
321
325
325
304
304
288
288
296
296
282
282
277
277
279
279
286
286
266
266
248
248
259
259
269
269
258
258
235
235
242
242
213
213
223
223
202
202
214
214
202
202
197
197
192
192
198
198
185
185
189
189
167
167
174
174
144
144
148
148
138
138
144
144
133
133
132
132
168
168
102
102
128
128
113
113
106
106
85
85
80
80
87
87
70
70
64
64
67
67
83
83
41
41
53
53
53
53
41
41
40
40
35
35
32
32
30
30
5
5
11
11
2
2
1
1
0
0
16
16
27
27
34
34
28
28
36
36
16
16
33
33
52
52
50
50
92
92
86
86
80
80
80
80
87
87
82
82
70
70
82
82
115
115
107
107
112
112
110
110
142
142
144
144
145
145
161
161
147
147
170
170
167
167
169
169
193
193
183
183
199
199
192
192
208
208
210
210
194
194
208
208
219
219
203
203
240
240
229
229
242
242
245
245
263
263
254
254
277
277
277
277
286
286
282
282
273
273
289
289
298
298
306
306
304
304
322
322
330
330
345
345
331
331
331
331
336
336
354
354
336
336
336
336
350
350
368
368
368
368
384
384
375
375
384
384
371
371
400
400
416
416
415
415
400
400
375
375
384
384
389
389
384
384
378
378
368
368
344
344
377
377
351
351
346
346
330
330
339
339
327
327
333
333
311
311
330
330
318
318
304
304
302
302
286
286
305
305
263
263
272
272
273
273
246
246
254
254
240
240
247
247
250
250
254
254
230
230
233
233
230
230
203
203
208
208
219
219
202
202
194
194
177
177
179
179
176
176
165
165
165
165
156
156
141
141
128
128
129
129
127
127
112
112
103
103
101
101
101
101
97
97
112
112
108
108
91
91
82
82
78
78
79
79
80
80
74
74
61
61
62
62
48
48
48
48
43
43
27
27
5
5
0
0
0
0
15
15
0
0
10
10
22
22
2
2
13
13
34
34
34
34
48
48
44
44
35
35
37
37
76
76
83
83
78
78
71
71
75
75
107
107
112
112
97
97
123
123
102
102
102
102
110
110
128
128
144
144
138
138
154
154
148
148
157
157
176
176
158
158
176
176
192
192
173
173
178
178
194
194
212
212
227
227
222
222
225
225
233
233
253
253
241
241
256
256
247
247
261
261
272
272
265
265
285
285
280
280
279
279
303
303
299
299
288
288
295
295
313
313
304
304
325
325
329
329
339
339
358
358
348
348
349
349
368
368
368
368
354
354
385
385
373
373
368
368
395
395
403
403
416
416
434
434
411
411
401
401
388
388
384
384
365
365
367
367
385
385
382
382
368
368
365
365
346
346
331
331
353
353
347
347
349
349
342
342
315
315
298
298
325
325
317
317
297
297
297
297
299
299
269
269
258
258
272
272
259
259
238
238
229
229
250
250
258
258
240
240
247
247
233
233
214
214
220
220
176
176
194
194
205
205
182
182
196
196
179
179
176
176
158
158
173
173
176
176
158
158
145
145
142
142
130
130
144
144
130
130
113
113
101
101
109
109
101
101
90
90
82
82
80
80
69
69
81
81
59
59
77
77
64
64
49
49
33
33
30
30
32
32
25
25
18
18
20
20
4
4
9
9
5
5
1
1
16
16
0
0
29
29
47
47
23
23
53
53
55
55
60
60
39
39
58
58
44
44
82
82
67
67
77
77
86
86
84
84
89
89
87
87
111
111
117
117
138
138
118
118
138
138
157
157
147
147
144
144
163
163
166
166
167
167
183
183
183
183
186
186
178
178
181
181
208
208
222
222
222
222
230
230
213
213
221
221
238
238
240
240
253
253
265
265
241
241
263
263
243
243
273
273
283
283
272
272
297
297
304
304
295
295
305
305
314
314
323
323
331
331
336
336
331
331
335
335
353
353
357
357
366
366
365
365
366
366
383
383
387
387
397
397
393
393
396
396
404
404
428
428
413
413
413
413
409
409
420
420
391
391
368
368
376
376
371
371
364
364
355
355
351
351
354
354
343
343
333
333
350
350
326
326
327
327
302
302
293
293
291
291
290
290
301
301
272
272
289
289
263
263
257
257
266
266
253
253
256
256
268
268
256
256
240
240
244
244
223
223
208
208
208
208
226
226
194
194
192
192
183
183
195
195
177
177
166
166
157
157
155
155
146
146
158
158
151
151
144
144
126
126
143
143
128
128
102
102
106
106
98
98
94
94
93
93
97
97
82
82
83
83
63
63
54
54
62
62
48
48
45
45
48
48
33
33
30
30
0
0
18
18
3
3
0
0
0
0
2
2
10
10
5
5
34
34
12
12
36
36
34
34
54
54
64
64
62
62
62
62
55
55
73
73
64
64
79
79
77
77
91
91
98
98
112
112
110
110
143
143
126
126
130
130
132
132
125
125
129
129
157
157
160
160
170
170
150
150
176
176
164
164
161
161
208
208
197
197
209
209
201
201
211
211
250
250
209
209
225
225
240
240
257
257
237
237
256
256
263
263
262
262
261
261
258
258
275
275
292
292
304
304
299
299
301
301
315
315
316
316
320
320
324
324
311
311
318
318
326
326
341
341
339
339
368
368
367
367
400
400
388
388
374
374
378
378
393
393
394
394
406
406
416
416
406
406
400
400
417
417
403
403
394
394
375
375
383
383
358
358
357
357
355
355
337
337
336
336
338
338
335
335
336
336
322
322
321
321
301
301
304
304
289
289
304
304
283
283
289
289
282
282
289
289
284
284
283
283
261
261
263
263
246
246
233
233
214
214
219
219
218
218
223
223
207
207
199
199
203
203
193
193
165
165
192
192
171
171
168
168
159
159
169
169
163
163
147
147
158
158
144
144
130
130
114
114
143
143
123
123
108
108
113
113
102
102
80
80
99
99
83
83
90
90
81
81
67
67
67
67
47
47
54
54
48
48
39
39
22
22
17
17
33
33
26
26
24
24
21
21
23
23
1
1
16
16
17
17
32
32
18
18
26
26
42
42
48
48
13
13
49
49
77
77
66
66
71
71
75
75
98
98
86
86
109
109
115
115
97
97
115
115
113
113
121
121
142
142
139
139
117
117
145
145
151
151
169
169
163
163
161
161
176
176
209
209
183
183
210
210
203
203
210
210
197
197
208
208
221
221
228
228
226
226
244
244
226
226
267
267
242
242
256
256
271
271
272
272
270
270
288
288
292
292
291
291
290
290
304
304
302
302
316
316
319
319
318
318
336
336
354
354
341
341
350
350
359
359
346
346
370
370
362
362
374
374
384
384
389
389
368
368
389
389
388
388
410
410
407
407
429
429
389
389
390
390
393
393
391
391
398
398
381
381
373
373
355
355
367
367
350
350
337
337
355
355
322
322
336
336
330
330
316
316
319
319
295
295
304
304
305
305
279
279
272
272
265
265
250
250
249
249
248
248
247
247
242
242
246
246
241
241
213
213
209
209
208
208
210
210
215
215
176
176
208
208
194
194
182
182
179
179
175
175
158
158
157
157
124
124
144
144
146
146
128
128
136
136
117
117
113
113
101
101
109
109
93
93
91
91
86
86
80
80
60
60
80
80
96
96
79
79
54
54
65
65
41
41
38
38
35
35
22
22
19
19
3
3
7
7
14
14
15
15
10
10
19
19
10
10
25
25
32
32
23
23
18
18
34
34
34
34
54
54
50
50
59
59
72
72
80
80
78
78
83
83
110
110
101
101
102
102
126
126
119
119
112
112
125
125
134
134
147
147
147
147
139
139
154
154
160
160
165
165
160
160
166
166
176
176
180
180
193
193
208
208
204
204
206
206
212
212
208
208
210
210
231
231
215
215
240
240
251
251
250
250
257
257
272
272
269
269
290
290
273
273
275
275
289
289
285
285
318
318
305
305
309
309
320
320
339
339
322
322
363
363
349
349
359
359
374
374
365
365
375
375
373
373
387
387
384
384
386
386
399
399
391
391
407
407
427
427
411
411
407
407
385
385
383
383
385
385
385
385
385
385
367
367
357
357
367
367
357
357
336
336
318
318
317
317
323
323
325
325
314
314
304
304
321
321
309
309
304
304
296
296
303
303
299
299
286
286
291
291
286
286
253
253
256
256
256
256
254
254
231
231
220
220
209
209
208
208
213
213
208
208
205
205
196
196
183
183
187
187
190
190
158
158
162
162
155
155
155
155
129
129
146
146
132
132
139
139
113
113
117
117
126
126
105
105
113
113
98
98
104
104
103
103
68
68
45
45
49
49
42
42
52
52
48
48
30
30
35
35
44
44
41
41
27
27
33
33
22
22
0
0
16
16
0
0
6
6
15
15
18
18
22
22
33
33
45
45
50
50
32
32
43
43
65
65
61
61
58
58
70
70
80
80
87
87
95
95
86
86
85
85
109
109
105
105
130
130
139
139
126
126
138
138
135
135
147
147
163
163
160
160
170
170
176
176
176
176
192
192
197
197
181
181
205
205
220
220
208
208
221
221
230
230
226
226
221
221
242
242
214
214
261
261
257
257
253
253
262
262
268
268
276
276
289
289
306
306
289
289
305
305
319
319
303
303
335
335
346
346
336
336
354
354
357
357
355
355
338
338
368
368
368
368
368
368
363
363
398
398
401
401
411
411
400
400
414
414
415
415
387
387
400
400
414
414
405
405
380
380
377
377
384
384
359
359
368
368
371
371
353
353
339
339
356
356
340
340
324
324
309
309
319
319
307
307
309
309
299
299
301
301
291
291
297
297
272
272
257
257
257
257
261
261
258
258
239
239
240
240
240
240
222
222
229
229
237
237
222
222
222
222
202
202
208
208
192
192
195
195
184
184
173
173
170
170
173
173
154
154
144
144
138
138
114
114
140
140
128
128
94
94
1
1
16
16
5
5
0
0
16
16
0
0
21
21
21
21
22
22
35
35
31
31
38
38
10
10
53
53
62
62
75
75
69
69
130
130
78
78
112
112
115
115
107
107
112
112
114
114
112
112
105
105
129
129
117
117
134
134
137
137
131
131
146
146
171
171
192
192
189
189
193
193
182
182
196
196
193
193
208
208
233
233
224
224
208
208
228
228
238
238
250
250
235
235
240
240
245
245
259
259
260
260
286
286
287
287
271
271
305
305
257
257
308
308
307
307
289
289
325
325
319
319
330
330
307
307
334
334
366
366
363
363
357
357
391
391
384
384
373
373
379
379
386
386
381
381
375
375
390
390
405
405
405
405
409
409
398
398
391
391
382
382
387
387
388
388
369
369
362
362
355
355
353
353
354
354
349
349
332
332
330
330
317
317
313
313
333
333
319
319
317
317
303
303
274
274
286
286
298
298
286
286
257
257
265
265
256
256
256
256
252
252
235
235
235
235
236
236
213
213
206
206
195
195
213
213
208
208
202
202
177
177
176
176
177
177
173
173
176
176
164
164
143
143
141
141
155
155
129
129
131
131
127
127
114
114
135
135
107
107
96
96
109
109
105
105
80
80
61
61
80
80
63
63
64
64
76
76
62
62
39
39
40
40
51
51
26
26
18
18
29
29
14
14
19
19
5
5
10
10
2
2
6
6
19
19
16
16
15
15
12
12
31
31
31
31
53
53
62
62
52
52
64
64
80
80
70
70
98
98
75
75
97
97
99
99
102
102
93
93
125
125
117
117
144
144
123
123
139
139
151
151
150
150
155
155
164
164
176
176
176
176
198
198
188
188
177
177
194
194
201
201
213
213
208
208
231
231
222
222
234
234
223
223
249
249
257
257
283
283
263
263
274
274
267
267
277
277
295
295
295
295
309
309
295
295
305
305
305
305
303
303
319
319
334
334
346
346
337
337
345
345
336
336
351
351
368
368
350
350
384
384
400
400
400
400
400
400
405
405
385
385
409
409
406
406
414
414
400
400
402
402
411
411
391
391
382
382
384
384
368
368
373
373
366
366
350
350
320
320
320
320
337
337
320
320
341
341
311
311
313
313
305
305
298
298
301
301
295
295
274
274
273
273
274
274
266
266
266
266
272
272
249
249
256
256
243
243
241
241
242
242
234
234
210
210
200
200
199
199
198
198
214
214
197
197
194
194
174
174
192
192
165
165
171
171
171
171
150
150
132
132
129
129
132
132
141
141
134
134
123
123
114
114
117
117
112
112
108
108
96
96
103
103
77
77
77
77
70
70
78
78
55
55
29
29
48
48
25
25
32
32
20
20
0
0
0
0
7
7
0
0
5
5
5
5
27
27
16
16
15
15
48
48
32
32
41
41
49
49
64
64
68
68
82
82
77
77
76
76
83
83
90
90
83
83
76
76
91
91
107
107
115
115
119
119
140
140
123
123
126
126
137
137
150
150
151
151
172
172
161
161
176
176
182
182
181
181
193
193
194
194
206
206
208
208
231
231
208
208
229
229
225
225
222
222
242
242
255
255
255
255
266
266
277
277
261
261
271
271
286
286
283
283
285
285
310
310
302
302
308
308
299
299
321
321
336
336
336
336
335
335
340
340
355
355
346
346
354
354
372
372
374
374
370
370
383
383
393
393
390
390
414
414
410
410
387
387
418
418
400
400
401
401
397
397
392
392
372
372
374
374
368
368
363
363
356
356
355
355
350
350
334
334
317
317
325
325
313
313
317
317
311
311
310
310
295
295
302
302
305
305
297
297
283
283
267
267
242
242
262
262
243
243
246
246
233
233
245
245
229
229
237
237
224
224
221
221
229
229
203
203
213
213
208
208
197
197
202
202
164
164
183
183
180
180
156
156
159
159
146
146
144
144
119
119
138
138
141
141
133
133
143
143
113
113
112
112
94
94
80
80
91
91
78
78
69
69
64
64
70
70
69
69
77
77
58
58
43
43
53
53
43
43
21
21
16
16
20
20
16
16
0
0
0
0
0
0
0
0
13
13
14
14
17
17
18
18
35
35
50
50
60
60
62
62
64
64
48
48
55
55
74
74
77
77
91
91
119
119
103
103
102
102
121
121
115
115
119
119
135
135
135
135
155
155
144
144
135
135
169
169
171
171
174
174
153
153
147
147
171
171
183
183
207
207
203
203
192
192
211
211
208
208
237
237
220
220
241
241
252
252
233
233
262
262
261
261
255
255
259
259
278
278
287
287
275
275
290
290
282
282
290
290
282
282
319
319
301
301
328
328
322
322
346
346
358
358
342
342
368
368
370
370
367
367
357
357
369
369
395
395
391
391
374
374
394
394
409
409
426
426
429
429
406
406
413
413
410
410
384
384
395
395
370
370
366
366
374
374
355
355
368
368
352
352
337
337
320
320
327
327
320
320
318
318
309
309
315
315
292
292
306
306
294
294
287
287
298
298
265
265
272
272
251
251
256
256
235
235
251
251
246
246
240
240
222
222
237
237
215
215
208
208
195
195
189
189
183
183
176
176
173
173
161
161
167
167
175
175
159
159
167
167
135
135
167
167
129
129
123
123
131
131
119
119
112
112
117
117
108
108
87
87
83
83
101
101
89
89
48
48
50
50
50
50
62
62
48
48
48
48
38
38
48
48
33
33
22
22
23
23
8
8
9
9
0
0
2
2
16
16
17
17
13
13
25
25
45
45
63
63
41
41
59
59
46
46
64
64
74
74
80
80
64
64
64
64
83
83
109
109
109
109
113
113
106
106
112
112
112
112
115
115
113
113
144
144
126
126
148
148
170
170
161
161
177
177
176
176
176
176
175
175
190
190
199
199
190
190
193
193
204
204
233
233
231
231
224
224
246
246
235
235
231
231
238
238
253
253
254
254
260
260
265
265
292
292
280
280
272
272
292
292
295
295
325
325
320
320
314
314
320
320
347
347
355
355
348
348
347
347
362
362
357
357
356
356
374
374
375
375
387
387
378
378
385
385
400
400
384
384
412
412
419
419
432
432
394
394
400
400
400
400
390
390
371
371
373
373
369
369
345
345
346
346
368
368
336
336
352
352
342
342
342
342
327
327
326
326
304
304
309
309
315
315
310
310
276
276
287
287
277
277
280
280
247
247
256
256
240
240
261
261
244
244
245
245
224
224
231
231
203
203
214
214
208
208
208
208
208
208
200
200
176
176
160
160
160
160
160
160
167
167
170
170
160
160
158
158
147
147
143
143
142
142
127
127
97
97
102
102
101
101
107
107
82
82
96
96
69
69
75
75
79
79
71
71
52
52
51
51
50
50
49
49
47
47
30
30
19
19
16
16
6
6
26
26
17
17
4
4
19
19
0
0
12
12
10
10
17
17
41
41
36
36
43
43
48
48
69
69
51
51
67
67
64
64
54
54
91
91
81
81
96
96
94
94
108
108
119
119
129
129
112
112
128
128
157
157
154
154
145
145
176
176
133
133
169
169
142
142
161
161
155
155
204
204
176
176
182
182
192
192
199
199
221
221
212
212
232
232
207
207
225
225
240
240
235
235
255
255
256
256
254
254
261
261
285
285
282
282
276
276
278
278
304
304
323
323
305
305
336
336
334
334
311
311
321
321
324
324
314
314
352
352
353
353
361
361
379
379
363
363
368
368
400
400
389
389
388
388
407
407
427
427
417
417
415
415
397
397
384
384
380
380
377
377
389
389
384
384
362
362
353
353
342
342
340
340
342
342
353
353
348
348
333
333
317
317
314
314
305
305
304
304
304
304
306
306
292
292
289
289
273
273
276
276
272
272
271
271
243
243
240
240
241
241
254
254
252
252
221
221
231
231
210
210
202
202
208
208
193
193
177
177
193
193
174
174
190
190
160
160
151
151
173
173
153
153
144
144
141
141
138
138
120
120
133
133
121
121
115
115
112
112
85
85
96
96
80
80
96
96
91
91
75
75
75
75
77
77
59
59
47
47
46
46
23
23
16
16
16
16
16
16
15
15
14
14
16
16
0
0
9
9
0
0
22
22
16
16
18
18
28
28
47
47
32
32
46
46
48
48
59
59
64
64
79
79
82
82
91
91
87
87
72
72
102
102
114
114
110
110
125
125
121
121
116
116
121
121
139
139
145
145
154
154
145
145
155
155
166
166
166
166
186
186
174
174
207
207
224
224
202
202
202
202
218
218
213
213
224
224
236
236
253
253
226
226
256
256
245
245
269
269
257
257
272
272
254
254
276
276
291
291
304
304
291
291
304
304
307
307
325
325
331
331
310
310
327
327
341
341
350
350
350
350
332
332
351
351
377
377
371
371
390
390
389
389
368
368
398
398
385
385
390
390
406
406
400
400
398
398
409
409
397
397
377
377
368
368
368
368
359
359
393
393
367
367
354
354
352
352
352
352
342
342
341
341
322
322
307
307
314
314
319
319
317
317
289
289
302
302
272
272
289
289
267
267
267
267
268
268
270
270
266
266
257
257
253
253
234
234
227
227
238
238
215
215
222
222
203
203
195
195
192
192
200
200
185
185
204
204
164
164
165
165
162
162
165
165
165
165
151
151
166
166
144
144
129
129
128
128
113
113
112
112
99
99
94
94
105
105
81
81
98
98
94
94
75
75
71
71
48
48
43
43
64
64
37
37
49
49
31
31
10
10
14
14
35
35
14
14
19
19
14
14
0
0
0
0
14
14
13
13
24
24
16
16
1
1
23
23
32
32
29
29
57
57
62
62
61
61
61
61
80
80
97
97
84
84
112
112
109
109
107
107
119
119
122
122
118
118
144
144
142
142
160
160
165
165
159
159
170
170
155
155
176
176
198
198
179
179
208
208
215
215
208
208
210
210
214
214
211
211
223
223
235
235
238
238
240
240
245
245
261
261
266
266
287
287
286
286
263
263
270
270
307
307
293
293
304
304
318
318
331
331
320
320
315
315
322
322
343
343
333
333
336
336
354
354
355
355
362
362
368
368
397
397
385
385
371
371
396
396
400
400
403
403
429
429
413
413
395
395
391
391
405
405
400
400
373
373
375
375
374
374
396
396
367
367
365
365
349
349
342
342
329
329
308
308
326
326
320
320
315
315
298
298
304
304
287
287
277
277
296
296
287
287
276
276
266
266
256
256
256
256
261
261
240
240
261
261
251
251
226
226
232
232
214
214
225
225
204
204
191
191
192
192
192
192
201
201
179
179
177
177
176
176
175
175
153
153
159
159
150
150
131
131
134
134
123
123
93
93
106
106
112
112
112
112
123
123
121
121
93
93
80
80
93
93
96
96
74
74
64
64
55
55
37
37
38
38
39
39
28
28
44
44
12
12
16
16
12
12
2
2
16
16
9
9
0
0
12
12
16
16
22
22
19
19
29
29
42
42
37
37
49
49
50
50
55
55
72
72
68
68
78
78
77
77
102
102
106
106
111
111
110
110
107
107
114
114
114
114
122
122
141
141
135
135
144
144
128
128
145
145
159
159
174
174
175
175
167
167
183
183
199
199
194
194
208
208
199
199
221
221
222
222
215
215
239
239
238
238
240
240
225
225
259
259
245
245
265
265
279
279
287
287
259
259
289
289
304
304
304
304
309
309
310
310
306
306
320
320
320
320
318
318
336
336
365
365
365
328
355
355
383
383
358
358
338
338
401
401
336
336
323
323
323
323
301
301
304
304
304
304
294
294
303
303
276
276
276
276
272
272
273
273
271
271
266
266
261
261
250
250
245
245
246
246
226
226
228
228
221
221
208
208
207
207
196
196
182
182
190
190
173
173
180
180
163
163
170
170
182
182
141
141
154
154
144
144
149
149
141
141
132
132
123
123
125
125
106
106
93
93
93
93
103
103
98
98
105
105
76
76
85
85
74
74
45
45
48
48
63
63
45
45
21
21
30
30
25
25
13
13
6
6
9
9
3
3
0
0
0
0
3
3
29
29
19
19
21
21
16
16
16
16
33
33
56
56
48
48
51
51
60
60
65
65
80
80
90
90
102
102
94
94
117
117
125
125
112
112
128
128
125
125
106
106
108
108
110
110
133
133
160
160
149
149
162
162
148
148
157
157
144
144
176
176
182
182
208
208
194
194
189
189
203
203
220
220
222
222
231
231
232
232
227
227
249
249
240
240
256
256
258
258
272
272
265
265
286
286
315
315
303
303
290
290
307
307
317
317
309
309
314
314
336
336
322
322
345
345
331
331
350
350
350
350
368
368
378
378
394
394
385
385
396
396
382
382
390
390
383
383
401
401
389
389
395
395
425
425
391
391
386
386
400
400
394
394
366
366
368
368
369
369
358
358
355
355
364
364
336
336
333
333
334
334
330
330
329
329
315
315
319
319
318
318
286
286
298
298
284
284
282
282
277
277
288
288
263
263
261
261
240
240
242
242
248
248
208
208
223
223
211
211
203
203
218
218
194
194
204
204
177
177
166
166
191
191
180
180
160
160
163
163
167
167
144
144
150
150
131
131
144
144
113
113
134
134
115
115
114
114
115
115
97
97
80
80
105
105
96
96
86
86
80
80
67
67
72
72
49
49
47
47
55
55
38
38
30
30
26
26
11
11
22
22
3
3
16
16
5
5
4
4
5
5
16
16
39
39
38
38
24
24
29
29
55
55
51
51
37
37
53
53
54
54
81
81
64
64
82
82
81
81
90
90
83
83
105
105
116
116
110
110
143
143
145
145
128
128
116
116
138
138
143
143
158
158
148
148
148
148
160
160
183
183
192
192
187
187
209
209
201
201
185
185
183
183
208
208
200
200
226
226
233
233
250
250
230
230
244
244
271
271
261
261
262
262
277
277
273
273
277
277
288
288
285
285
304
304
320
320
311
311
326
326
326
326
343
343
326
326
344
344
348
348
343
343
369
369
362
362
369
369
389
389
384
384
381
381
397
397
384
384
403
403
403
403
423
423
395
395
400
400
391
391
397
397
384
384
410
410
369
369
358
358
361
361
358
358
358
358
349
349
351
351
339
339
336
336
316
316
319
319
317
317
318
318
298
298
279
279
273
273
277
277
284
284
256
256
267
267
268
268
264
264
253
253
247
247
240
240
223
223
215
215
224
224
214
214
201
201
202
202
210
210
198
198
202
202
193
193
170
170
178
178
155
155
131
131
161
161
138
138
128
128
135
135
137
137
112
112
94
94
100
100
110
110
114
114
96
96
98
98
81
81
81
81
71
71
70
70
64
64
62
62
48
48
48
48
34
34
43
43
18
18
22
22
5
5
19
19
6
6
10
10
16
16
1
1
21
21
19
19
9
9
30
30
23
23
38
38
54
54
53
53
70
70
69
69
80
80
80
80
71
71
107
107
94
94
106
106
124
124
127
127
105
105
116
116
137
137
135
135
150
150
156
156
143
143
162
162
150
150
161
161
163
163
168
168
183
183
178
178
198
198
208
208
211
211
208
208
228
228
210
210
231
231
213
213
240
240
243
243
263
263
271
271
272
272
260
260
291
291
294
294
273
273
270
270
266
266
299
299
302
302
298
298
319
319
304
304
322
322
334
334
338
338
336
336
355
355
353
353
358
358
379
379
390
390
395
395
385
385
403
403
400
400
415
415
415
415
417
417
389
389
390
390
371
371
399
399
384
384
370
370
379
379
354
354
347
347
354
354
334
334
336
336
330
330
337
337
316
316
309
309
314
314
325
325
307
307
284
284
288
288
268
268
269
269
271
271
269
269
267
267
256
256
239
239
240
240
240
240
243
243
214
214
219
219
222
222
210
210
192
192
206
206
191
191
190
190
182
182
178
178
199
199
179
179
151
151
150
150
147
147
135
135
144
144
132
132
129
129
128
128
119
119
112
112
119
119
93
93
86
86
95
95
55
55
67
67
58
58
63
63
78
78
47
47
37
37
35
35
45
45
23
23
37
37
16
16
2
2
9
9
15
15
2
2
15
15
16
16
16
16
25
25
31
31
26
26
55
55
23
23
41
41
57
57
63
63
80
80
91
91
82
82
86
86
90
90
103
103
98
98
111
111
107
107
114
114
114
114
144
144
140
140
155
155
163
163
157
157
154
154
170
170
187
187
180
180
191
191
187
187
190
190
193
193
199
199
220
220
218
218
222
222
224
224
213
213
235
235
242
242
267
267
256
256
247
247
261
261
291
291
275
275
283
283
279
279
288
288
299
299
299
299
310
310
309
309
335
335
329
329
324
324
345
345
350
350
358
358
341
341
368
368
354
354
381
381
367
367
375
375
384
384
399
399
400
400
400
400
419
419
406
406
400
400
395
395
400
400
398
398
381
381
373
373
369
369
370
370
362
362
352
352
355
355
364
364
334
334
330
330
326
326
314
314
314
314
304
304
304
304
292
292
289
289
281
281
291
291
279
279
249
249
254
254
247
247
240
240
239
239
226
226
230
230
226
226
231
231
217
217
208
208
208
208
210
210
195
195
192
192
171
171
169
169
163
163
180
180
145
145
154
154
150
150
131
131
121
121
122
122
136
136
118
118
114
114
112
112
103
103
87
87
106
106
95
95
83
83
72
72
67
67
65
65
64
64
53
53
51
51
37
37
27
27
35
35
46
46
11
11
9
9
11
11
0
0
0
0
2
2
20
20
16
16
20
20
31
31
33
33
33
33
49
49
60
60
61
61
57
57
75
75
77
77
76
76
73
73
80
80
91
91
121
121
128
128
101
101
107
107
128
128
101
101
127
127
147
147
160
160
162
162
186
186
176
176
160
160
176
176
181
181
178
178
197
197
198
198
203
203
221
221
239
239
240
240
238
238
250
250
251
251
257
257
268
268
272
272
271
271
255
255
285
285
282
282
293
293
272
272
294
294
303
303
303
303
313
313
319
319
327
327
320
320
336
336
347
347
341
341
347
347
368
368
367
367
363
363
381
381
382
382
384
384
400
400
400
400
425
425
400
400
419
419
410
410
417
417
399
399
387
387
375
375
366
366
379
379
363
363
354
354
341
341
334
334
326
326
336
336
322
322
317
317
320
320
302
302
292
292
320
320
300
300
304
304
289
289
288
288
285
285
275
275
269
269
262
262
245
245
219
219
240
240
220
220
240
240
214
214
208
208
208
208
208
208
195
195
178
178
188
188
163
163
187
187
171
171
155
155
162
162
157
157
149
149
162
162
127
127
139
139
139
139
130
130
117
117
112
112
113
113
96
96
109
109
80
80
80
80
78
78
57
57
64
64
55
55
47
47
33
33
48
48
10
10
23
23
30
30
22
22
16
16
17
17
0
0
0
0
0
0
16
16
16
16
0
0
30
30
51
51
48
48
60
60
66
66
60
60
65
65
58
58
61
61
76
76
79
79
96
96
85
85
89
89
101
101
118
118
108
108
97
97
135
135
128
128
141
141
162
162
150
150
138
138
175
175
163
163
167
167
177
177
190
190
202
202
186
186
193
193
206
206
202
202
240
240
236
236
208
208
237
237
236
236
240
240
241
241
243
243
258
258
267
267
265
265
272
272
274
274
284
284
304
304
312
312
333
333
309
309
320
320
337
337
356
356
340
340
354
354
357
357
350
350
352
352
370
370
368
368
387
387
369
369
374
374
382
382
393
393
403
403
413
413
413
413
400
400
400
400
395
395
391
391
386
386
373
373
372
372
362
362
358
358
365
365
354
354
350
350
357
357
342
342
322
322
339
339
315
315
313
313
301
301
294
294
271
271
293
293
267
267
267
267
271
271
262
262
255
255
247
247
258
258
234
234
242
242
225
225
240
240
227
227
211
211
211
211
193
193
182
182
197
197
190
190
189
189
177
177
166
166
144
144
158
158
151
151
144
144
145
145
129
129
131
131
128
128
114
114
109
109
94
94
83
83
87
87
99
99
81
81
71
71
67
67
80
80
59
59
53
53
51
51
28
28
35
35
23
23
13
13
26
26
5
5
0
0
0
0
10
10
16
16
0
0
23
23
21
21
46
46
45
45
35
35
43
43
54
54
66
66
92
92
80
80
62
62
80
80
82
82
89
89
104
104
104
104
130
130
121
121
117
117
132
132
145
145
147
147
132
132
142
142
144
144
165
165
166
166
171
171
197
197
176
176
176
176
211
211
194
194
213
213
224
224
219
219
240
240
224
224
235
235
256
256
254
254
242
242
259
259
262
262
278
278
272
272
274
274
279
279
282
282
318
318
304
304
310
310
320
320
317
317
325
325
315
315
345
345
320
320
335
335
338
338
366
366
348
348
368
368
368
368
403
403
400
400
383
383
393
393
407
407
403
403
425
425
410
410
396
396
397
397
368
368
386
386
373
373
368
368
367
367
359
359
353
353
352
352
334
334
326
326
336
336
319
319
318
318
315
315
294
294
302
302
293
293
281
281
282
282
263
263
256
256
261
261
272
272
265
265
256
256
256
256
240
240
243
243
234
234
209
209
198
198
208
208
205
205
191
191
183
183
181
181
182
182
181
181
173
173
159
159
157
157
151
151
150
150
156
156
127
127
121
121
112
112
112
112
112
112
117
117
122
122
99
99
85
85
93
93
73
73
71
71
70
70
82
82
64
64
80
80
51
51
49
49
41
41
25
25
32
32
7
7
25
25
0
0
2
2
0
0
14
14
14
14
5
5
27
27
16
16
41
41
44
44
52
52
61
61
49
49
72
72
66
66
78
78
69
69
80
80
86
86
90
90
100
100
95
95
112
112
133
133
129
129
117
117
135
135
144
144
159
159
142
142
143
143
163
163
162
162
183
183
202
202
191
191
195
195
209
209
202
202
221
221
208
208
231
231
218
218
198
198
231
231
250
250
227
227
253
253
258
258
241
241
268
268
286
286
278
278
286
286
277
277
307
307
304
304
311
311
330
330
331
331
330
330
315
315
334
334
357
357
354
354
368
368
337
337
377
377
367
367
386
386
390
390
407
407
398
398
402
402
425
425
414
414
399
399
394
394
407
407
392
392
370
370
386
386
384
384
373
373
380
380
377
377
343
343
359
359
347
347
334
334
335
335
333
333
320
320
312
312
304
304
307
307
299
299
301
301
272
272
284
284
266
266
256
256
272
272
253
253
251
251
250
250
246
246
242
242
226
226
217
217
197
197
217
217
180
180
194
194
183
183
176
176
170
170
167
167
193
193
146
146
154
154
146
146
131
131
115
115
128
128
119
119
121
121
96
96
93
93
99
99
96
96
73
73
89
89
82
82
66
66
68
68
59
59
65
65
55
55
59
59
46
46
41
41
33
33
26
26
14
14
0
0
0
0
2
2
0
0
16
16
16
16
16
16
33
33
32
32
31
31
26
26
34
34
22
22
67
67
57
57
68
68
80
80
95
95
110
110
95
95
84
84
109
109
122
205
229
229
231
231
230
230
226
226
251
251
240
240
240
240
237
237
240
240
282
282
260
260
262
262
272
272
289
289
303
303
300
300
307
307
320
320
322
322
314
314
330
330
352
352
352
352
348
348
348
348
371
371
368
368
371
371
368
368
373
373
387
387
399
399
402
402
409
409
413
413
403
403
399
399
400
400
391
391
368
368
380
380
365
365
369
369
371
371
363
363
347
347
348
348
352
352
322
322
321
321
343
343
315
315
317
317
304
304
302
302
304
304
274
274
293
293
288
288
253
253
259
259
280
280
263
263
359
359
369
369
337
337
349
349
341
341
313
313
324
324
315
315
303
303
306
306
303
303
289
289
304
304
297
297
277
277
285
285
269
269
272
272
260
260
288
288
265
265
226
226
240
240
219
219
240
240
212
212
209
209
210
210
198
198
186
186
203
203
176
176
178
178
176
176
155
155
176
176
159
159
150
150
139
139
135
135
143
143
112
112
115
115
108
108
118
118
106
106
97
97
101
101
81
81
80
80
77
77
59
59
51
51
46
46
42
42
64
64
48
48
26
26
26
26
41
41
14
14
11
11
0
0
13
13
7
7
7
7
6
6
20
20
26
26
16
16
32
32
29
29
53
53
46
46
65
65
57
57
61
61
54
54
80
80
99
99
82
82
99
99
121
121
105
105
105
105
101
101
123
123
106
106
141
141
139
139
133
133
166
166
166
166
176
176
195
195
192
192
187
187
197
197
197
197
199
199
198
198
208
208
205
205
224
224
222
222
228
228
212
212
235
235
251
251
257
257
247
247
265
265
291
291
259
259
279
279
300
300
285
285
295
295
309
309
312
312
315
315
334
334
322
322
323
323
330
330
360
360
362
362
364
364
362
362
389
389
368
368
391
391
383
383
389
389
394
394
400
400
401
401
406
406
415
415
414
414
417
417
387
387
374
374
383
383
366
366
350
350
347
347
351
351
343
343
346
346
327
327
334
334
333
333
325
325
326
326
313
313
302
302
277
277
285
285
272
272
296
296
275
275
253
253
251
251
258
258
247
247
241
241
229
229
231
231
217
217
223
223
231
231
208
208
209
209
198
198
194
194
195
195
189
189
175
175
165
165
176
176
161
161
159
159
142
142
130
130
118
118
128
128
128
128
91
91
101
101
103
103
98
98
92
92
116
116
80
80
69
69
87
87
77
77
65
65
65
65
57
57
39
39
45
45
46
46
0
0
38
38
47
47
7
7
15
15
7
7
0
0
0
0
0
0
7
7
20
20
17
17
28
28
55
55
33
33
33
33
57
57
64
64
67
67
76
76
80
80
81
81
85
85
103
103
97
97
101
101
116
116
128
128
114
114
128
128
141
141
148
148
134
134
154
154
175
175
144
144
158
158
174
174
176
176
199
199
195
195
192
192
183
183
196
320
326
326
320
320
336
336
324
324
343
343
365
365
350
350
367
367
381
381
365
365
373
373
400
400
386
386
389
389
378
378
379
379
408
408
404
404
402
402
391
391
382
382
383
383
372
372
370
370
355
355
385
385
357
357
355
355
358
358
337
337
332
332
334
334
322
322
289
289
305
305
320
320
302
302
279
279
288
288
290
290
269
269
267
267
286
286
264
264
249
249
247
247
249
249
240
240
240
240
233
233
214
214
207
207
219
219
191
191
193
193
211
211
188
188
193
193
189
189
149
149
166
166
149
149
176
176
153
153
129
129
133
133
117
117
121
121
111
111
107
107
115
115
80
80
93
93
94
94
75
75
98
98
71
71
79
79
59
59
61
61
48
48
45
45
48
48
35
35
27
27
19
19
12
12
16
16
16
16
10
10
0
0
10
10
11
11
19
19
16
16
15
15
16
16
26
26
35
35
46
46
53
53
47
47
60
60
85
85
65
65
111
111
83
83
99
99
96
96
102
102
115
115
128
128
129
129
133
133
140
140
144
144
136
136
155
155
150
150
149
149
155
155
176
176
198
198
196
196
195
195
206
206
204
204
208
208
207
207
219
219
224
224
241
241
226
226
243
243
261
261
261
261
284
284
274
274
290
290
274
274
303
303
272
272
309
309
304
304
316
316
322
322
320
320
304
304
336
336
320
320
336
336
341
341
338
338
342
342
357
357
368
368
356
356
369
369
391
391
396
396
399
399
413
413
413
413
395
395
410
410
400
400
398
398
394
394
391
391
397
397
368
368
362
362
366
366
346
346
349
349
352
352
319
319
341
341
337
337
311
311
312
312
306
306
290
290
300
300
291
291
277
277
304
304
272
272
272
272
276
276
257
257
256
256
245
245
249
249
243
243
226
226
237
237
233
233
211
211
212
212
192
192
198
198
208
208
194
194
191
191
170
170
169
169
155
155
155
155
138
138
142
142
140
140
128
128
129
129
119
119
111
111
132
132
114
114
105
105
118
118
98
98
77
77
99
99
80
80
66
66
58
58
63
63
41
41
34
34
36
36
25
25
17
17
1
1
13
13
9
9
0
0
11
11
2
2
11
11
35
35
14
14
19
19
30
30
32
32
49
49
58
58
53
53
65
65
78
78
94
94
83
83
99
99
105
105
87
87
111
111
86
86
111
111
112
112
113
113
123
123
141
141
124
124
142
142
157
157
144
144
157
157
174
174
159
159
185
185
174
174
191
191
213
213
196
196
192
192
220
220
247
247
217
217
239
239
240
240
215
215
256
256
257
257
267
267
278
278
286
286
274
274
277
277
298
298
275
275
283
283
310
310
306
306
317
317
314
314
310
310
332
332
353
353
341
341
350
350
362
362
355
355
367
367
374
374
368
368
371
371
383
383
405
405
387
387
401
401
391
391
423
423
398
398
400
400
384
384
377
377
385
385
370
370
366
366
368
368
359
359
341
341
368
368
336
336
341
341
320
320
325
325
304
304
325
325
308
308
323
323
296
296
313
313
275
275
274
274
283
283
246
246
241
241
260
260
250
250
219
219
238
238
236
236
226
226
239
239
230
230
223
223
209
209
215
215
204
204
187
187
189
189
175
175
176
176
176
176
149
149
165
165
144
144
144
144
119
119
119
119
126
126
126
126
112
112
126
126
106
106
94
94
92
92
93
93
91
91
65
65
70
70
66
66
54
54
48
48
59
59
36
36
48
48
25
25
39
39
17
17
23
23
13
13
15
15
9
9
0
0
25
25
14
14
36
36
26
26
16
16
48
48
25
25
35
35
53
53
63
63
67
67
83
83
53
53
88
88
89
89
95
95
105
105
112
112
121
121
107
107
103
103
117
117
153
153
129
129
176
176
150
150
151
151
177
177
173
173
179
179
175
175
177
177
177
177
190
190
185
185
197
197
208
208
208
208
211
211
242
242
237
237
244
244
227
227
244
244
241
241
262
262
285
285
272
272
272
272
277
277
305
305
306
306
290
290
316
316
303
303
316
316
315
315
338
338
345
345
369
369
350
350
358
358
365
365
366
366
368
368
358
358
378
378
394
394
371
371
398
398
411
411
415
415
409
409
432
432
401
401
406
406
399
399
384
384
392
392
395
395
366
366
353
353
351
351
331
331
336
336
347
347
331
331
318
318
317
317
327
327
299
299
304
304
299
299
288
288
301
301
283
283
265
265
272
272
261
261
245
245
257
257
254
254
241
241
249
249
249
249
224
224
212
212
216
216
194
194
180
180
186
186
187
187
165
165
165
165
170
170
157
157
154
154
137
137
132
132
167
167
130
130
122
122
128
128
124
124
113
113
105
105
92
92
93
93
74
74
85
85
69
69
80
80
65
65
44
44
48
48
48
48
64
64
48
48
18
18
16
16
23
23
0
0
7
7
0
0
5
5
5
5
14
14
18
18
16
16
30
30
35
35
45
45
67
67
43
43
57
57
67
67
95
95
108
108
84
84
94
94
111
111
93
93
99
99
99
99
112
112
121
121
107
107
133
133
122
122
135
135
144
144
155
155
157
157
150
150
175
175
173
173
188
188
193
193
172
172
202
202
204
204
218
218
208
208
240
240
229
229
240
240
249
249
230
230
251
251
252
252
257
257
253
253
259
259
273
273
290
290
293
293
272
272
290
290
305
305
304
304
333
333
320
320
325
325
336
336
337
337
359
359
362
362
352
352
358
358
367
367
368
368
374
374
383
383
396
396
394
394
405
405
400
400
403
403
422
422
403
403
400
400
386
386
375
375
378
378
390
390
359
359
357
357
354
354
337
337
351
351
346
346
337
337
367
367
325
325
311
311
327
327
298
298
298
298
309
309
293
293
290
290
265
265
261
261
262
262
268
268
266
266
255
255
243
243
253
253
240
240
234
234
225
225
203
203
210
210
208
208
191
191
198
198
176
176
170
170
179
179
166
166
160
160
168
168
171
171
161
161
171
171
133
133
165
165
115
115
123
123
100
100
90
90
102
102
76
76
103
103
84
84
79
79
71
71
48
48
49
49
59
59
43
43
45
45
36
36
37
37
38
38
12
12
13
13
5
5
25
25
0
0
11
11
16
16
10
10
27
27
7
7
25
25
17
17
26
26
50
50
48
48
59
59
56
56
64
64
64
64
87
87
70
70
86
86
83
83
87
87
109
109
112
112
143
143
129
129
128
128
147
147
146
146
146
146
157
157
144
144
169
169
173
173
179
179
180
180
188
188
188
188
183
183
202
202
209
209
207
207
212
212
229
229
227
227
246
246
251
251
255
255
258
258
270
270
258
258
257
257
275
275
272
272
291
291
303
303
301
301
306
306
310
310
325
325
336
336
320
320
327
327
342
342
325
325
336
336
350
350
384
384
361
361
375
375
391
391
393
393
381
381
404
404
407
407
405
405
413
413
399
399
403
403
